TermID	Term	Enrichment	logP	Genes in Term	Target Genes in Term	Fraction of Targets in Term	Total Target Genes	Total Genes	Entrez Gene IDs	Gene Symbols
SM00258	SAND	0.00283085459543712	-5.86717663572666	7	1	0.25	4	9882	109032	Sp110
SM00721	BAR	0.00605875271855686	-5.10625132210549	15	1	0.25	4	9882	54673	Sh3glb1
SM00326	SH3	0.0770182294692409	-2.56371313879467	196	1	0.25	4	9882	54673	Sh3glb1
SM00248	ANK	0.0831026537246948	-2.48767864351877	212	1	0.25	4	9882	626415	Potefam3e
SM00349	KRAB	0.112704736331748	-2.18298383280574	291	1	0.25	4	9882	195531	Zfp982
SM00355	ZnF_C2H2	0.228346993219111	-1.47688890686015	620	1	0.25	4	9882	195531	Zfp982
SM00046	DAGKc	0.999999999957069	-4.29305840256568e-11	14	0	0	4	9882
SM00198	SCP	0.999999999957069	-4.29305840256568e-11	14	0	0	4	9882
SM00135	LY	0.999999999957069	-4.29305840256568e-11	14	0	0	4	9882
SM00294	4.1m	0.999999999957069	-4.29305840256568e-11	14	0	0	4	9882
SM00829	PKS_ER	0.999999999957069	-4.29305840256568e-11	14	0	0	4	9882
SM00241	ZP	0.999999999957069	-4.29305840256568e-11	14	0	0	4	9882
SM00666	PB1	0.999999999957069	-4.29305840256568e-11	14	0	0	4	9882
SM00502	BBC	0.999999999957069	-4.29305840256568e-11	14	0	0	4	9882
SM00647	IBR	0.999999999957069	-4.29305840256568e-11	14	0	0	4	9882
SM00832	C8	0.999999999957069	-4.29305840256568e-11	14	0	0	4	9882
SM00234	START	0.999999999957069	-4.29305840256568e-11	14	0	0	4	9882
SM00615	EPH_lbd	0.999999999957069	-4.29305840256568e-11	14	0	0	4	9882
SM00445	LINK	0.999999999957069	-4.29305840256568e-11	14	0	0	4	9882
SM01392	MAGE_N	0.999999999960025	-3.9975149942442e-11	4	0	0	4	9882
SM00206	NTR	0.999999999960025	-3.9975149942442e-11	4	0	0	4	9882
SM01417	Solute_trans_a	0.999999999960025	-3.9975149942442e-11	4	0	0	4	9882
SM01020	B2-adapt-app_C	0.999999999960025	-3.9975149942442e-11	4	0	0	4	9882
SM01339	NODP	0.999999999960025	-3.9975149942442e-11	4	0	0	4	9882
SM00920	MHC_II_alpha	0.999999999960025	-3.9975149942442e-11	4	0	0	4	9882
SM00094	TR_FER	0.999999999960025	-3.9975149942442e-11	4	0	0	4	9882
SM00476	DNaseIc	0.999999999960025	-3.9975149942442e-11	4	0	0	4	9882
SM00679	CTNS	0.999999999960025	-3.9975149942442e-11	4	0	0	4	9882
SM00474	35EXOc	0.999999999960025	-3.9975149942442e-11	4	0	0	4	9882
SM00560	LamGL	0.999999999960025	-3.9975149942442e-11	4	0	0	4	9882
SM00058	FN1	0.999999999960025	-3.9975149942442e-11	4	0	0	4	9882
SM00541	FYRN	0.999999999960025	-3.9975149942442e-11	4	0	0	4	9882
SM01225	G8	0.999999999960025	-3.9975149942442e-11	4	0	0	4	9882
SM01398	Cornichon	0.999999999960025	-3.9975149942442e-11	4	0	0	4	9882
SM00313	PXA	0.999999999960025	-3.9975149942442e-11	4	0	0	4	9882
SM00973	Sec63	0.999999999960025	-3.9975149942442e-11	4	0	0	4	9882
SM01407	NAC	0.999999999960025	-3.9975149942442e-11	4	0	0	4	9882
SM00307	ILWEQ	0.999999999960025	-3.9975149942442e-11	4	0	0	4	9882
SM00955	RNB	0.999999999960025	-3.9975149942442e-11	4	0	0	4	9882
SM01193	Enolase_N	0.999999999960025	-3.9975149942442e-11	4	0	0	4	9882
SM01375	Dynein_light	0.999999999960025	-3.9975149942442e-11	4	0	0	4	9882
SM00426	TEA	0.999999999960025	-3.9975149942442e-11	4	0	0	4	9882
SM01178	DUF4217	0.999999999960025	-3.9975149942442e-11	4	0	0	4	9882
SM00488	DEXDc2	0.999999999960025	-3.9975149942442e-11	4	0	0	4	9882
SM01277	MAGUK_N_PEST	0.999999999960025	-3.9975149942442e-11	4	0	0	4	9882
SM01027	Beta-Casp	0.999999999960025	-3.9975149942442e-11	4	0	0	4	9882
SM01053	CaMBD	0.999999999960025	-3.9975149942442e-11	4	0	0	4	9882
SM00564	PQQ	0.999999999960025	-3.9975149942442e-11	4	0	0	4	9882
SM00701	PGRP	0.999999999960025	-3.9975149942442e-11	4	0	0	4	9882
SM00051	DSL	0.999999999960025	-3.9975149942442e-11	4	0	0	4	9882
SM00734	ZnF_Rad18	0.999999999960025	-3.9975149942442e-11	4	0	0	4	9882
SM00723	AMOP	0.999999999960025	-3.9975149942442e-11	4	0	0	4	9882
SM01263	Leuk-A4-hydro_C	0.999999999960025	-3.9975149942442e-11	4	0	0	4	9882
SM00889	EFG_IV	0.999999999960025	-3.9975149942442e-11	4	0	0	4	9882
SM00484	XPGI	0.999999999960025	-3.9975149942442e-11	4	0	0	4	9882
SM00486	POLBc	0.999999999960025	-3.9975149942442e-11	4	0	0	4	9882
SM00197	SAA	0.999999999960025	-3.9975149942442e-11	4	0	0	4	9882
SM00227	NEBU	0.999999999960025	-3.9975149942442e-11	4	0	0	4	9882
SM00644	Ami_2	0.999999999960025	-3.9975149942442e-11	4	0	0	4	9882
SM00491	HELICc2	0.999999999960025	-3.9975149942442e-11	4	0	0	4	9882
SM01046	c-SKI_SMAD_bind	0.999999999960025	-3.9975149942442e-11	4	0	0	4	9882
SM01240	IMPDH	0.999999999960025	-3.9975149942442e-11	4	0	0	4	9882
SM00527	HMG17	0.999999999960025	-3.9975149942442e-11	4	0	0	4	9882
SM00573	HSA	0.999999999960025	-3.9975149942442e-11	4	0	0	4	9882
SM01192	Enolase_C	0.999999999960025	-3.9975149942442e-11	4	0	0	4	9882
SM00392	PROF	0.999999999960025	-3.9975149942442e-11	4	0	0	4	9882
SM00737	ML	0.999999999960025	-3.9975149942442e-11	4	0	0	4	9882
SM00025	Pumilio	0.999999999960025	-3.9975149942442e-11	4	0	0	4	9882
SM00694	DysFC	0.999999999960025	-3.9975149942442e-11	4	0	0	4	9882
SM00554	FAS1	0.999999999960025	-3.9975149942442e-11	4	0	0	4	9882
SM01340	DNA_mis_repair	0.999999999960025	-3.9975149942442e-11	4	0	0	4	9882
SM00140	NGF	0.999999999960025	-3.9975149942442e-11	4	0	0	4	9882
SM00485	XPGN	0.999999999960025	-3.9975149942442e-11	4	0	0	4	9882
SM00098	alkPPc	0.999999999960025	-3.9975149942442e-11	4	0	0	4	9882
SM01007	Aldolase_II	0.999999999960025	-3.9975149942442e-11	4	0	0	4	9882
SM00804	TAP_C	0.999999999960025	-3.9975149942442e-11	4	0	0	4	9882
SM00542	FYRC	0.999999999960025	-3.9975149942442e-11	4	0	0	4	9882
SM00693	DysFN	0.999999999960025	-3.9975149942442e-11	4	0	0	4	9882
SM00753	PAM	0.999999999960025	-3.9975149942442e-11	4	0	0	4	9882
SM00520	BASIC	0.999999999960025	-3.9975149942442e-11	4	0	0	4	9882
SM00279	HhH2	0.999999999960025	-3.9975149942442e-11	4	0	0	4	9882
SM00755	Grip	0.999999999960025	-3.9975149942442e-11	4	0	0	4	9882
SM00483	POLXc	0.999999999960025	-3.9975149942442e-11	4	0	0	4	9882
SM01153	DUF1693	0.999999999960025	-3.9975149942442e-11	4	0	0	4	9882
SM01338	NOD	0.999999999960025	-3.9975149942442e-11	4	0	0	4	9882
SM01249	KASH	0.999999999960025	-3.9975149942442e-11	4	0	0	4	9882
SM00068	GHB	0.999999999960025	-3.9975149942442e-11	4	0	0	4	9882
SM00750	KIND	0.999999999960025	-3.9975149942442e-11	4	0	0	4	9882
SM00325	RhoGEF	0.999999999961203	-3.87973933522893e-11	65	0	0	4	9882
SM00364	LRR_BAC	0.999999999963707	-3.62928054488467e-11	56	0	0	4	9882
SM00150	SPEC	0.999999999964667	-3.5332701376188e-11	28	0	0	4	9882
SM00414	H2A	0.999999999964667	-3.5332701376188e-11	28	0	0	4	9882
SM00202	SR	0.999999999964667	-3.5332701376188e-11	28	0	0	4	9882
SM00147	RasGEF	0.999999999964667	-3.5332701376188e-11	28	0	0	4	9882
SM00229	RasGEFN	0.999999999964667	-3.5332701376188e-11	28	0	0	4	9882
SM00513	SAP	0.999999999964801	-3.51988998405888e-11	22	0	0	4	9882
SM00240	FHA	0.999999999964801	-3.51988998405888e-11	22	0	0	4	9882
SM00210	TSPN	0.999999999964801	-3.51988998405888e-11	22	0	0	4	9882
SM00442	FGF	0.999999999964801	-3.51988998405888e-11	22	0	0	4	9882
SM00343	ZnF_C2HC	0.999999999964801	-3.51988998405888e-11	22	0	0	4	9882
SM00186	FBG	0.999999999964801	-3.51988998405888e-11	22	0	0	4	9882
SM00667	LisH	0.999999999964801	-3.51988998405888e-11	22	0	0	4	9882
SM00311	PWI	0.999999999969961	-3.00393564633423e-11	3	0	0	4	9882
SM00151	SWIB	0.999999999969961	-3.00393564633423e-11	3	0	0	4	9882
SM00278	HhH1	0.999999999969961	-3.00393564633423e-11	3	0	0	4	9882
SM01403	Ribosomal_S10	0.999999999969961	-3.00393564633423e-11	3	0	0	4	9882
SM01275	MamL-1	0.999999999969961	-3.00393564633423e-11	3	0	0	4	9882
SM01334	DUF3454	0.999999999969961	-3.00393564633423e-11	3	0	0	4	9882
SM01218	FoP_duplication	0.999999999969961	-3.00393564633423e-11	3	0	0	4	9882
SM00851	MGS	0.999999999969961	-3.00393564633423e-11	3	0	0	4	9882
SM00341	HRDC	0.999999999969961	-3.00393564633423e-11	3	0	0	4	9882
SM00836	DALR_1	0.999999999969961	-3.00393564633423e-11	3	0	0	4	9882
SM01199	FDF	0.999999999969961	-3.00393564633423e-11	3	0	0	4	9882
SM00265	BH4	0.999999999969961	-3.00393564633423e-11	3	0	0	4	9882
SM01147	DUF1087	0.999999999969961	-3.00393564633423e-11	3	0	0	4	9882
SM00962	SRP54	0.999999999969961	-3.00393564633423e-11	3	0	0	4	9882
SM00162	SAPA	0.999999999969961	-3.00393564633423e-11	3	0	0	4	9882
SM01146	DUF1086	0.999999999969961	-3.00393564633423e-11	3	0	0	4	9882
SM00300	ChSh	0.999999999969961	-3.00393564633423e-11	3	0	0	4	9882
SM00682	G2F	0.999999999969961	-3.00393564633423e-11	3	0	0	4	9882
SM00459	Sorb	0.999999999969961	-3.00393564633423e-11	3	0	0	4	9882
SM00882	CoA_trans	0.999999999969961	-3.00393564633423e-11	3	0	0	4	9882
SM00676	DM10	0.999999999969961	-3.00393564633423e-11	3	0	0	4	9882
SM01051	CAMSAP_CKK	0.999999999969961	-3.00393564633423e-11	3	0	0	4	9882
SM00482	POLAc	0.999999999969961	-3.00393564633423e-11	3	0	0	4	9882
SM00305	HintC	0.999999999969961	-3.00393564633423e-11	3	0	0	4	9882
SM00931	NOSIC	0.999999999969961	-3.00393564633423e-11	3	0	0	4	9882
SM00363	S4	0.999999999969961	-3.00393564633423e-11	3	0	0	4	9882
SM00722	CASH	0.999999999969961	-3.00393564633423e-11	3	0	0	4	9882
SM00758	PA14	0.999999999969961	-3.00393564633423e-11	3	0	0	4	9882
SM00706	TECPR	0.999999999969961	-3.00393564633423e-11	3	0	0	4	9882
SM00006	A4_EXTRA	0.999999999969961	-3.00393564633423e-11	3	0	0	4	9882
SM00704	ZnF_CDGSH	0.999999999969961	-3.00393564633423e-11	3	0	0	4	9882
SM01279	Matrilin_ccoil	0.999999999969961	-3.00393564633423e-11	3	0	0	4	9882
SM01274	malic	0.999999999969961	-3.00393564633423e-11	3	0	0	4	9882
SM00594	UAS	0.999999999969961	-3.00393564633423e-11	3	0	0	4	9882
SM01276	M60-like	0.999999999969961	-3.00393564633423e-11	3	0	0	4	9882
SM01212	Fib_alpha	0.999999999969961	-3.00393564633423e-11	3	0	0	4	9882
SM00473	PAN_AP	0.999999999969961	-3.00393564633423e-11	3	0	0	4	9882
SM01401	Sds3	0.999999999969961	-3.00393564633423e-11	3	0	0	4	9882
SM00272	END	0.999999999969961	-3.00393564633423e-11	3	0	0	4	9882
SM00306	HintN	0.999999999969961	-3.00393564633423e-11	3	0	0	4	9882
SM01271	LSM14	0.999999999969961	-3.00393564633423e-11	3	0	0	4	9882
SM00650	rADc	0.999999999969961	-3.00393564633423e-11	3	0	0	4	9882
SM01333	Tet_JBP	0.999999999969961	-3.00393564633423e-11	3	0	0	4	9882
SM01257	KRAP_IP3R_bind	0.999999999969961	-3.00393564633423e-11	3	0	0	4	9882
SM00090	RIO	0.999999999969961	-3.00393564633423e-11	3	0	0	4	9882
SM01368	RB_A	0.999999999969961	-3.00393564633423e-11	3	0	0	4	9882
SM01073	CDC48_N	0.999999999969961	-3.00393564633423e-11	3	0	0	4	9882
SM01370	TAFII55_N	0.999999999969961	-3.00393564633423e-11	3	0	0	4	9882
SM00309	PAH	0.999999999969961	-3.00393564633423e-11	3	0	0	4	9882
SM00919	Malic_M	0.999999999969961	-3.00393564633423e-11	3	0	0	4	9882
SM00751	BSD	0.999999999969961	-3.00393564633423e-11	3	0	0	4	9882
SM00057	FIMAC	0.999999999969961	-3.00393564633423e-11	3	0	0	4	9882
SM00736	CADG	0.999999999969961	-3.00393564633423e-11	3	0	0	4	9882
SM00444	GYF	0.999999999969961	-3.00393564633423e-11	3	0	0	4	9882
SM01366	c-clamp	0.999999999969961	-3.00393564633423e-11	3	0	0	4	9882
SM01300	PEHE	0.999999999969961	-3.00393564633423e-11	3	0	0	4	9882
SM00672	CAP10	0.999999999969961	-3.00393564633423e-11	3	0	0	4	9882
SM01369	Rb_C	0.999999999969961	-3.00393564633423e-11	3	0	0	4	9882
SM00997	AdoHcyase_NAD	0.999999999969961	-3.00393564633423e-11	3	0	0	4	9882
SM01305	RESP18	0.999999999969961	-3.00393564633423e-11	3	0	0	4	9882
SM01176	DUF4208	0.999999999969961	-3.00393564633423e-11	3	0	0	4	9882
SM00916	L51_S25_CI-B8	0.999999999969961	-3.00393564633423e-11	3	0	0	4	9882
SM00981	THUMP	0.999999999969961	-3.00393564633423e-11	3	0	0	4	9882
SM00553	SEP	0.999999999969961	-3.00393564633423e-11	3	0	0	4	9882
SM00996	AdoHcyase	0.999999999969961	-3.00393564633423e-11	3	0	0	4	9882
SM01151	DUF1518	0.999999999969961	-3.00393564633423e-11	3	0	0	4	9882
SM01260	LANC_like	0.999999999969961	-3.00393564633423e-11	3	0	0	4	9882
SM00803	TAF	0.999999999969961	-3.00393564633423e-11	3	0	0	4	9882
SM01084	CKS	0.999999999969961	-3.00393564633423e-11	3	0	0	4	9882
SM01367	DUF3452	0.999999999969961	-3.00393564633423e-11	3	0	0	4	9882
SM00712	PUR	0.999999999969961	-3.00393564633423e-11	3	0	0	4	9882
SM00576	BTP	0.999999999969961	-3.00393564633423e-11	3	0	0	4	9882
SM01424	HAP1_N	0.999999999969961	-3.00393564633423e-11	3	0	0	4	9882
SM00985	UBA_e1_C	0.999999999969961	-3.00393564633423e-11	3	0	0	4	9882
SM00960	Robl_LC7	0.999999999969961	-3.00393564633423e-11	3	0	0	4	9882
SM00478	ENDO3c	0.999999999969961	-3.00393564633423e-11	3	0	0	4	9882
SM01232	H2TH	0.999999999969961	-3.00393564633423e-11	3	0	0	4	9882
SM01083	Cir_N	0.999999999969961	-3.00393564633423e-11	3	0	0	4	9882
SM00735	ZM	0.999999999969961	-3.00393564633423e-11	3	0	0	4	9882
SM01299	PIP49_N	0.999999999969961	-3.00393564633423e-11	3	0	0	4	9882
SM00773	WGR	0.999999999969961	-3.00393564633423e-11	3	0	0	4	9882
SM00002	PLP	0.999999999969961	-3.00393564633423e-11	3	0	0	4	9882
SM00963	SRP54_N	0.999999999969961	-3.00393564633423e-11	3	0	0	4	9882
SM01246	Josephin	0.999999999969961	-3.00393564633423e-11	3	0	0	4	9882
SM01200	FerA	0.999999999969961	-3.00393564633423e-11	3	0	0	4	9882
SM00143	PI3K_p85B	0.999999999969961	-3.00393564633423e-11	3	0	0	4	9882
SM00663	RPOLA_N	0.999999999969961	-3.00393564633423e-11	3	0	0	4	9882
SM01065	CBM_2	0.999999999969961	-3.00393564633423e-11	3	0	0	4	9882
SM00438	ZnF_NFX	0.999999999969961	-3.00393564633423e-11	3	0	0	4	9882
SM01269	Lipid_DES	0.999999999969961	-3.00393564633423e-11	3	0	0	4	9882
SM00183	NAT_PEP	0.999999999969961	-3.00393564633423e-11	3	0	0	4	9882
SM00113	CALCITONIN	0.999999999969961	-3.00393564633423e-11	3	0	0	4	9882
SM00536	AXH	0.999999999969961	-3.00393564633423e-11	3	0	0	4	9882
SM01224	G_gamma	0.999999999970839	-2.91609501766647e-11	17	0	0	4	9882
SM00744	RINGv	0.999999999970839	-2.91609501766647e-11	17	0	0	4	9882
SM00563	PlsC	0.999999999970839	-2.91609501766647e-11	17	0	0	4	9882
SM00631	Zn_pept	0.999999999970839	-2.91609501766647e-11	17	0	0	4	9882
SM00425	TBOX	0.999999999970839	-2.91609501766647e-11	17	0	0	4	9882
SM00137	MAM	0.999999999970839	-2.91609501766647e-11	17	0	0	4	9882
SM00061	MATH	0.999999999970839	-2.91609501766647e-11	17	0	0	4	9882
SM00216	VWD	0.999999999970839	-2.91609501766647e-11	17	0	0	4	9882
SM00211	TY	0.999999999970839	-2.91609501766647e-11	17	0	0	4	9882
SM00247	XTALbg	0.999999999970839	-2.91609501766647e-11	17	0	0	4	9882
SM00261	FU	0.999999999970839	-2.91609501766647e-11	17	0	0	4	9882
SM00224	GGL	0.999999999970839	-2.91609501766647e-11	17	0	0	4	9882
SM01332	Cyclin_C	0.999999999970839	-2.91609501766647e-11	17	0	0	4	9882
SM00951	QLQ	0.999999999970941	-2.9058980975834e-11	2	0	0	4	9882
SM01194	eRF1_1	0.999999999970941	-2.9058980975834e-11	2	0	0	4	9882
SM01233	HABP4_PAI-RBP1	0.999999999970941	-2.9058980975834e-11	2	0	0	4	9882
SM01371	TFIIA	0.999999999970941	-2.9058980975834e-11	2	0	0	4	9882
SM00992	YccV-like	0.999999999970941	-2.9058980975834e-11	2	0	0	4	9882
SM01288	FISNA	0.999999999970941	-2.9058980975834e-11	2	0	0	4	9882
SM01336	zf-PARP	0.999999999970941	-2.9058980975834e-11	2	0	0	4	9882
SM00436	TOP1Bc	0.999999999970941	-2.9058980975834e-11	2	0	0	4	9882
SM00434	TOP4c	0.999999999970941	-2.9058980975834e-11	2	0	0	4	9882
SM00657	RPOL4c	0.999999999970941	-2.9058980975834e-11	2	0	0	4	9882
SM01268	BTD	0.999999999970941	-2.9058980975834e-11	2	0	0	4	9882
SM01076	CG-1	0.999999999970941	-2.9058980975834e-11	2	0	0	4	9882
SM01161	DUF1767	0.999999999970941	-2.9058980975834e-11	2	0	0	4	9882
SM01074	Cdc6_C	0.999999999970941	-2.9058980975834e-11	2	0	0	4	9882
SM01250	KAT11	0.999999999970941	-2.9058980975834e-11	2	0	0	4	9882
SM01229	GluR_Homer-bdg	0.999999999970941	-2.9058980975834e-11	2	0	0	4	9882
SM01141	DRY_EERY	0.999999999970941	-2.9058980975834e-11	2	0	0	4	9882
SM00705	THEG	0.999999999970941	-2.9058980975834e-11	2	0	0	4	9882
SM00714	LITAF	0.999999999970941	-2.9058980975834e-11	2	0	0	4	9882
SM00087	PTH	0.999999999970941	-2.9058980975834e-11	2	0	0	4	9882
SM01144	DTW	0.999999999970941	-2.9058980975834e-11	2	0	0	4	9882
SM00003	NH	0.999999999970941	-2.9058980975834e-11	2	0	0	4	9882
SM00711	TDU	0.999999999970941	-2.9058980975834e-11	2	0	0	4	9882
SM00732	YqgFc	0.999999999970941	-2.9058980975834e-11	2	0	0	4	9882
SM01230	Gln-synt_C	0.999999999970941	-2.9058980975834e-11	2	0	0	4	9882
SM00825	PKS_KS	0.999999999970941	-2.9058980975834e-11	2	0	0	4	9882
SM01023	BAF	0.999999999970941	-2.9058980975834e-11	2	0	0	4	9882
SM01362	DUF663	0.999999999970941	-2.9058980975834e-11	2	0	0	4	9882
SM00812	Alpha_L_fucos	0.999999999970941	-2.9058980975834e-11	2	0	0	4	9882
SM01164	DUF1856	0.999999999970941	-2.9058980975834e-11	2	0	0	4	9882
SM00808	FABD	0.999999999970941	-2.9058980975834e-11	2	0	0	4	9882
SM01376	eIF-5a	0.999999999970941	-2.9058980975834e-11	2	0	0	4	9882
SM00437	TOP1Ac	0.999999999970941	-2.9058980975834e-11	2	0	0	4	9882
SM01374	Ribosomal_L14	0.999999999970941	-2.9058980975834e-11	2	0	0	4	9882
SM01382	Ribosomal_L2_C	0.999999999970941	-2.9058980975834e-11	2	0	0	4	9882
SM00662	RPOLD	0.999999999970941	-2.9058980975834e-11	2	0	0	4	9882
SM00761	HDAC_interact	0.999999999970941	-2.9058980975834e-11	2	0	0	4	9882
SM00956	RQC	0.999999999970941	-2.9058980975834e-11	2	0	0	4	9882
SM00937	PCRF	0.999999999970941	-2.9058980975834e-11	2	0	0	4	9882
SM00976	Telo_bind	0.999999999970941	-2.9058980975834e-11	2	0	0	4	9882
SM00785	AARP2CN	0.999999999970941	-2.9058980975834e-11	2	0	0	4	9882
SM00635	BID_2	0.999999999970941	-2.9058980975834e-11	2	0	0	4	9882
SM01002	AlaDh_PNT_C	0.999999999970941	-2.9058980975834e-11	2	0	0	4	9882
SM00653	eIF2B_5	0.999999999970941	-2.9058980975834e-11	2	0	0	4	9882
SM00873	B3_4	0.999999999970941	-2.9058980975834e-11	2	0	0	4	9882
SM00827	PKS_AT	0.999999999970941	-2.9058980975834e-11	2	0	0	4	9882
SM00853	MutL_C	0.999999999970941	-2.9058980975834e-11	2	0	0	4	9882
SM01050	CactinC_cactus	0.999999999970941	-2.9058980975834e-11	2	0	0	4	9882
SM01237	ICA69	0.999999999970941	-2.9058980975834e-11	2	0	0	4	9882
SM01138	DP	0.999999999970941	-2.9058980975834e-11	2	0	0	4	9882
SM01070	CDC37_M	0.999999999970941	-2.9058980975834e-11	2	0	0	4	9882
SM00435	TOPEUc	0.999999999970941	-2.9058980975834e-11	2	0	0	4	9882
SM01282	DBB	0.999999999970941	-2.9058980975834e-11	2	0	0	4	9882
SM00080	LIF_OSM	0.999999999970941	-2.9058980975834e-11	2	0	0	4	9882
SM00581	PSP	0.999999999970941	-2.9058980975834e-11	2	0	0	4	9882
SM00126	IL6	0.999999999970941	-2.9058980975834e-11	2	0	0	4	9882
SM01415	DUF106	0.999999999970941	-2.9058980975834e-11	2	0	0	4	9882
SM01292	N1221	0.999999999970941	-2.9058980975834e-11	2	0	0	4	9882
SM00902	Fe_hyd_SSU	0.999999999970941	-2.9058980975834e-11	2	0	0	4	9882
SM00586	ZnF_DBF	0.999999999970941	-2.9058980975834e-11	2	0	0	4	9882
SM00188	IL10	0.999999999970941	-2.9058980975834e-11	2	0	0	4	9882
SM01104	CTD	0.999999999970941	-2.9058980975834e-11	2	0	0	4	9882
SM01115	cwf21	0.999999999970941	-2.9058980975834e-11	2	0	0	4	9882
SM01355	AP3B1_C	0.999999999970941	-2.9058980975834e-11	2	0	0	4	9882
SM00433	TOP2c	0.999999999970941	-2.9058980975834e-11	2	0	0	4	9882
SM01122	DBC1	0.999999999970941	-2.9058980975834e-11	2	0	0	4	9882
SM00095	TR_THY	0.999999999970941	-2.9058980975834e-11	2	0	0	4	9882
SM00299	CLH	0.999999999970941	-2.9058980975834e-11	2	0	0	4	9882
SM01239	IKKbetaNEMObind	0.999999999970941	-2.9058980975834e-11	2	0	0	4	9882
SM00888	EF1_GNE	0.999999999970941	-2.9058980975834e-11	2	0	0	4	9882
SM01165	DUF1866	0.999999999970941	-2.9058980975834e-11	2	0	0	4	9882
SM00500	SFM	0.999999999970941	-2.9058980975834e-11	2	0	0	4	9882
SM01410	DIM1	0.999999999970941	-2.9058980975834e-11	2	0	0	4	9882
SM01142	DSHCT	0.999999999970941	-2.9058980975834e-11	2	0	0	4	9882
SM00550	Zalpha	0.999999999970941	-2.9058980975834e-11	2	0	0	4	9882
SM00777	Mad3_BUB1_I	0.999999999970941	-2.9058980975834e-11	2	0	0	4	9882
SM01096	CPSase_L_D3	0.999999999970941	-2.9058980975834e-11	2	0	0	4	9882
SM00649	RL11	0.999999999970941	-2.9058980975834e-11	2	0	0	4	9882
SM01011	AMP_N	0.999999999970941	-2.9058980975834e-11	2	0	0	4	9882
SM00792	Agouti	0.999999999970941	-2.9058980975834e-11	2	0	0	4	9882
SM00466	SRA	0.999999999970941	-2.9058980975834e-11	2	0	0	4	9882
SM01319	Tankyrase_bdg_C	0.999999999970941	-2.9058980975834e-11	2	0	0	4	9882
SM01179	DUF862	0.999999999970941	-2.9058980975834e-11	2	0	0	4	9882
SM01389	Spt4	0.999999999970941	-2.9058980975834e-11	2	0	0	4	9882
SM00852	MoCF_biosynth	0.999999999970941	-2.9058980975834e-11	2	0	0	4	9882
SM01003	AlaDh_PNT_N	0.999999999970941	-2.9058980975834e-11	2	0	0	4	9882
SM01131	DHHA2	0.999999999970941	-2.9058980975834e-11	2	0	0	4	9882
SM01182	EF-1_beta_acid	0.999999999970941	-2.9058980975834e-11	2	0	0	4	9882
SM01283	Costars	0.999999999970941	-2.9058980975834e-11	2	0	0	4	9882
SM00469	WIF	0.999999999970941	-2.9058980975834e-11	2	0	0	4	9882
SM01174	DUF4205	0.999999999970941	-2.9058980975834e-11	2	0	0	4	9882
SM01314	SnAC	0.999999999970941	-2.9058980975834e-11	2	0	0	4	9882
SM01154	DUF1704	0.999999999970941	-2.9058980975834e-11	2	0	0	4	9882
SM00039	CRF	0.999999999970941	-2.9058980975834e-11	2	0	0	4	9882
SM00555	GIT	0.999999999970941	-2.9058980975834e-11	2	0	0	4	9882
SM00846	Gp_dh_N	0.999999999970941	-2.9058980975834e-11	2	0	0	4	9882
SM01423	Milton	0.999999999970941	-2.9058980975834e-11	2	0	0	4	9882
SM00494	ChtBD2	0.999999999970941	-2.9058980975834e-11	2	0	0	4	9882
SM01293	DUF3402	0.999999999970941	-2.9058980975834e-11	2	0	0	4	9882
SM01258	KRBA1	0.999999999970941	-2.9058980975834e-11	2	0	0	4	9882
SM01177	DUF4210	0.999999999970941	-2.9058980975834e-11	2	0	0	4	9882
SM01387	Ribosomal_S15	0.999999999970941	-2.9058980975834e-11	2	0	0	4	9882
SM01000	Aha1_N	0.999999999970941	-2.9058980975834e-11	2	0	0	4	9882
SM00661	RPOL9	0.999999999970941	-2.9058980975834e-11	2	0	0	4	9882
SM01206	Fibrillarin	0.999999999970941	-2.9058980975834e-11	2	0	0	4	9882
SM00632	Aamy_C	0.999999999970941	-2.9058980975834e-11	2	0	0	4	9882
SM01086	ClpB_D2-small	0.999999999970941	-2.9058980975834e-11	2	0	0	4	9882
SM00881	CoA_binding	0.999999999970941	-2.9058980975834e-11	2	0	0	4	9882
SM01028	Beta-TrCP_D	0.999999999970941	-2.9058980975834e-11	2	0	0	4	9882
SM01072	CDC48_2	0.999999999970941	-2.9058980975834e-11	2	0	0	4	9882
SM00896	FDX-ACB	0.999999999970941	-2.9058980975834e-11	2	0	0	4	9882
SM01097	CPSase_sm_chain	0.999999999970941	-2.9058980975834e-11	2	0	0	4	9882
SM00756	VKc	0.999999999970941	-2.9058980975834e-11	2	0	0	4	9882
SM01399	Sybindin	0.999999999970941	-2.9058980975834e-11	2	0	0	4	9882
SM00967	SpoU_sub_bind	0.999999999970941	-2.9058980975834e-11	2	0	0	4	9882
SM00525	FES	0.999999999970941	-2.9058980975834e-11	2	0	0	4	9882
SM00223	APPLE	0.999999999970941	-2.9058980975834e-11	2	0	0	4	9882
SM00978	Tim44	0.999999999970941	-2.9058980975834e-11	2	0	0	4	9882
SM00493	TOPRIM	0.999999999970941	-2.9058980975834e-11	2	0	0	4	9882
SM00531	TFIIE	0.999999999970941	-2.9058980975834e-11	2	0	0	4	9882
SM00512	Skp1	0.999999999970941	-2.9058980975834e-11	2	0	0	4	9882
SM01287	Rtt106	0.999999999970941	-2.9058980975834e-11	2	0	0	4	9882
SM01281	Med12	0.999999999970941	-2.9058980975834e-11	2	0	0	4	9882
SM00193	PTN	0.999999999970941	-2.9058980975834e-11	2	0	0	4	9882
SM00993	YL1_C	0.999999999970941	-2.9058980975834e-11	2	0	0	4	9882
SM00685	DM14	0.999999999970941	-2.9058980975834e-11	2	0	0	4	9882
SM00860	SMI1_KNR4	0.999999999970941	-2.9058980975834e-11	2	0	0	4	9882
SM01267	LAG1_DNAbind	0.999999999970941	-2.9058980975834e-11	2	0	0	4	9882
SM01345	Rapamycin_bind	0.999999999970941	-2.9058980975834e-11	2	0	0	4	9882
SM00559	Ku78	0.999999999970941	-2.9058980975834e-11	2	0	0	4	9882
SM00893	ETF	0.999999999970941	-2.9058980975834e-11	2	0	0	4	9882
SM01390	Ribosomal_S4	0.999999999970941	-2.9058980975834e-11	2	0	0	4	9882
SM00788	Adenylsucc_synt	0.999999999970941	-2.9058980975834e-11	2	0	0	4	9882
SM00807	AKAP_110	0.999999999970941	-2.9058980975834e-11	2	0	0	4	9882
SM00638	LPD_N	0.999999999970941	-2.9058980975834e-11	2	0	0	4	9882
SM01130	DHDPS	0.999999999970941	-2.9058980975834e-11	2	0	0	4	9882
SM00190	IL4_13	0.999999999970941	-2.9058980975834e-11	2	0	0	4	9882
SM01022	ASCH	0.999999999970941	-2.9058980975834e-11	2	0	0	4	9882
SM01383	Ribosomal_L2	0.999999999970941	-2.9058980975834e-11	2	0	0	4	9882
SM01272	LsmAD	0.999999999970941	-2.9058980975834e-11	2	0	0	4	9882
SM01313	Sec3-PIP2_bind	0.999999999970941	-2.9058980975834e-11	2	0	0	4	9882
SM01301	PTPlike_phytase	0.999999999970941	-2.9058980975834e-11	2	0	0	4	9882
SM01010	AMPKBI	0.999999999970941	-2.9058980975834e-11	2	0	0	4	9882
SM01291	N-SET	0.999999999970941	-2.9058980975834e-11	2	0	0	4	9882
SM00551	ZnF_TAZ	0.999999999970941	-2.9058980975834e-11	2	0	0	4	9882
SM00029	GASTRIN	0.999999999970941	-2.9058980975834e-11	2	0	0	4	9882
SM01421	DUF3480	0.999999999970941	-2.9058980975834e-11	2	0	0	4	9882
SM00408	IGc2	0.999999999971162	-2.88378562776741e-11	228	0	0	4	9882
SM00184	RING	0.999999999971162	-2.88378562776741e-11	228	0	0	4	9882
SM00439	BAH	0.999999999972687	-2.73126271211768e-11	11	0	0	4	9882
SM00096	UTG	0.999999999972687	-2.73126271211768e-11	11	0	0	4	9882
SM00238	BIR	0.999999999972687	-2.73126271211768e-11	11	0	0	4	9882
SM00386	HAT	0.999999999972687	-2.73126271211768e-11	11	0	0	4	9882
SM01330	Frizzled	0.999999999972687	-2.73126271211768e-11	11	0	0	4	9882
SM00038	COLFI	0.999999999972687	-2.73126271211768e-11	11	0	0	4	9882
SM00720	calpain_III	0.999999999972687	-2.73126271211768e-11	11	0	0	4	9882
SM00461	WH1	0.999999999972687	-2.73126271211768e-11	11	0	0	4	9882
SM00115	CASc	0.999999999972687	-2.73126271211768e-11	11	0	0	4	9882
SM00508	PostSET	0.999999999972687	-2.73126271211768e-11	11	0	0	4	9882
SM00460	TGc	0.999999999972687	-2.73126271211768e-11	11	0	0	4	9882
SM00027	EH	0.999999999972687	-2.73126271211768e-11	11	0	0	4	9882
SM00276	GLECT	0.999999999972687	-2.73126271211768e-11	11	0	0	4	9882
SM00274	FOLN	0.999999999972687	-2.73126271211768e-11	11	0	0	4	9882
SM00042	CUB	0.999999999973346	-2.66538529856272e-11	50	0	0	4	9882
SM00382	AAA	0.999999999974582	-2.54184338530577e-11	137	0	0	4	9882
SM00177	ARF	0.999999999974628	-2.53720199188676e-11	41	0	0	4	9882
SM00129	KISc	0.999999999974628	-2.53720199188676e-11	41	0	0	4	9882
SM00185	ARM	0.999999999974628	-2.53720199188676e-11	41	0	0	4	9882
SM00368	LRR_RI	0.999999999974628	-2.53720199188676e-11	41	0	0	4	9882
SM00212	UBCc	0.999999999974628	-2.53720199188676e-11	41	0	0	4	9882
SM00449	SPRY	0.999999999975997	-2.40034656103228e-11	74	0	0	4	9882
SM01381	7TM_GPCR_Srsx	0.999999999976007	-2.39928586075977e-11	186	0	0	4	9882
SM01391	Filament	0.999999999976664	-2.33361460220794e-11	71	0	0	4	9882
SM00327	VWA	0.999999999976664	-2.33361460220794e-11	71	0	0	4	9882
SM00317	SET	0.999999999977416	-2.25845204203942e-11	36	0	0	4	9882
SM00280	KAZAL	0.999999999977416	-2.25845204203942e-11	36	0	0	4	9882
SM00195	DSPc	0.999999999977416	-2.25845204203942e-11	36	0	0	4	9882
SM00717	SANT	0.999999999977441	-2.25590723437583e-11	43	0	0	4	9882
SM00608	ACR	0.999999999977441	-2.25590723437583e-11	43	0	0	4	9882
SM00213	UBQ	0.999999999977441	-2.25590723437583e-11	43	0	0	4	9882
SM00404	PTPc_motif	0.999999999977483	-2.25172598017282e-11	61	0	0	4	9882
SM00409	IG	0.99999999997777	-2.22295971150907e-11	378	0	0	4	9882
SM00431	SCAN	0.999999999977806	-2.21936698692334e-11	42	0	0	4	9882
SM00312	PX	0.999999999977806	-2.21936698692334e-11	42	0	0	4	9882
SM00005	DEATH	0.999999999977911	-2.20892497934449e-11	27	0	0	4	9882
SM00429	IPT	0.999999999977911	-2.20892497934449e-11	27	0	0	4	9882
SM00119	HECTc	0.999999999977911	-2.20892497934449e-11	27	0	0	4	9882
SM00178	SAR	0.999999999977911	-2.20892497934449e-11	27	0	0	4	9882
SM01289	PYRIN	0.999999999977911	-2.20892497934449e-11	27	0	0	4	9882
SM00457	MACPF	0.99999999997811	-2.18904710779359e-11	13	0	0	4	9882
SM01189	ELM2	0.99999999997811	-2.18904710779359e-11	13	0	0	4	9882
SM00479	EXOIII	0.99999999997811	-2.18904710779359e-11	13	0	0	4	9882
SM00156	PP2Ac	0.99999999997811	-2.18904710779359e-11	13	0	0	4	9882
SM00698	MORN	0.99999999997811	-2.18904710779359e-11	13	0	0	4	9882
SM00427	H2B	0.99999999997811	-2.18904710779359e-11	13	0	0	4	9882
SM01195	FA	0.99999999997811	-2.18904710779359e-11	13	0	0	4	9882
SM00569	L27	0.99999999997811	-2.18904710779359e-11	13	0	0	4	9882
SM00230	CysPc	0.99999999997811	-2.18904710779359e-11	13	0	0	4	9882
SM00036	CNH	0.99999999997811	-2.18904710779359e-11	13	0	0	4	9882
SM00526	H15	0.99999999997811	-2.18904710779359e-11	13	0	0	4	9882
SM00323	RasGAP	0.99999999997811	-2.18904710779359e-11	13	0	0	4	9882
SM00059	FN2	0.99999999997811	-2.18904710779359e-11	13	0	0	4	9882
SM00089	PKD	0.999999999978433	-2.15670217626108e-11	5	0	0	4	9882
SM01202	FerI	0.999999999978433	-2.15670217626108e-11	5	0	0	4	9882
SM01008	Ald_Xan_dh_C	0.999999999978433	-2.15670217626108e-11	5	0	0	4	9882
SM01270	Longin	0.999999999978433	-2.15670217626108e-11	5	0	0	4	9882
SM00892	Endonuclease_NS	0.999999999978433	-2.15670217626108e-11	5	0	0	4	9882
SM00580	PUG	0.999999999978433	-2.15670217626108e-11	5	0	0	4	9882
SM01092	CO_deh_flav_C	0.999999999978433	-2.15670217626108e-11	5	0	0	4	9882
SM00540	LEM	0.999999999978433	-2.15670217626108e-11	5	0	0	4	9882
SM00741	SapB	0.999999999978433	-2.15670217626108e-11	5	0	0	4	9882
SM00879	Brix	0.999999999978433	-2.15670217626108e-11	5	0	0	4	9882
SM00642	Aamy	0.999999999978433	-2.15670217626108e-11	5	0	0	4	9882
SM00266	CAD	0.999999999978433	-2.15670217626108e-11	5	0	0	4	9882
SM00264	BAG	0.999999999978433	-2.15670217626108e-11	5	0	0	4	9882
SM01163	DUF1785	0.999999999978433	-2.15670217626108e-11	5	0	0	4	9882
SM00673	CARP	0.999999999978433	-2.15670217626108e-11	5	0	0	4	9882
SM00765	MANEC	0.999999999978433	-2.15670217626108e-11	5	0	0	4	9882
SM00572	DZF	0.999999999978433	-2.15670217626108e-11	5	0	0	4	9882
SM00584	TLDc	0.999999999978433	-2.15670217626108e-11	5	0	0	4	9882
SM00549	TAFH	0.999999999978433	-2.15670217626108e-11	5	0	0	4	9882
SM00602	VPS10	0.999999999978433	-2.15670217626108e-11	5	0	0	4	9882
SM01145	DUF1041	0.999999999978433	-2.15670217626108e-11	5	0	0	4	9882
SM00891	ERCC4	0.999999999978433	-2.15670217626108e-11	5	0	0	4	9882
SM00446	LRRcap	0.999999999978433	-2.15670217626108e-11	5	0	0	4	9882
SM00570	AWS	0.999999999978433	-2.15670217626108e-11	5	0	0	4	9882
SM00614	ZnF_BED	0.999999999978433	-2.15670217626108e-11	5	0	0	4	9882
SM00872	Alpha-mann_mid	0.999999999978433	-2.15670217626108e-11	5	0	0	4	9882
SM00991	WHEP-TRS	0.999999999978433	-2.15670217626108e-11	5	0	0	4	9882
SM00428	H3	0.999999999978433	-2.15670217626108e-11	5	0	0	4	9882
SM00664	DoH	0.999999999978433	-2.15670217626108e-11	5	0	0	4	9882
SM01201	FerB	0.999999999978433	-2.15670217626108e-11	5	0	0	4	9882
SM00739	KOW	0.999999999978433	-2.15670217626108e-11	5	0	0	4	9882
SM01041	BRO1	0.999999999978433	-2.15670217626108e-11	5	0	0	4	9882
SM01408	ING	0.999999999978433	-2.15670217626108e-11	5	0	0	4	9882
SM00331	PP2C_SIG	0.999999999978433	-2.15670217626108e-11	5	0	0	4	9882
SM00533	MUTSd	0.999999999978433	-2.15670217626108e-11	5	0	0	4	9882
SM00588	NEUZ	0.999999999978433	-2.15670217626108e-11	5	0	0	4	9882
SM00103	ALBUMIN	0.999999999978433	-2.15670217626108e-11	5	0	0	4	9882
SM00160	RanBD	0.999999999978433	-2.15670217626108e-11	5	0	0	4	9882
SM01175	DUF4206	0.999999999978433	-2.15670217626108e-11	5	0	0	4	9882
SM00878	Biotin_carb_C	0.999999999978433	-2.15670217626108e-11	5	0	0	4	9882
SM00678	WWE	0.999999999978433	-2.15670217626108e-11	5	0	0	4	9882
SM00539	NIDO	0.999999999978433	-2.15670217626108e-11	5	0	0	4	9882
SM00733	Mterf	0.999999999978433	-2.15670217626108e-11	5	0	0	4	9882
SM01015	Arfaptin	0.999999999978433	-2.15670217626108e-11	5	0	0	4	9882
SM00838	EFG_C	0.999999999978433	-2.15670217626108e-11	5	0	0	4	9882
SM00571	DDT	0.999999999978433	-2.15670217626108e-11	5	0	0	4	9882
SM00534	MUTSac	0.999999999978433	-2.15670217626108e-11	5	0	0	4	9882
SM00321	WSC	0.999999999978433	-2.15670217626108e-11	5	0	0	4	9882
SM00028	TPR	0.99999999997905	-2.09496039863532e-11	118	0	0	4	9882
SM00209	TSP1	0.999999999979062	-2.09377059742165e-11	63	0	0	4	9882
SM00043	CY	0.999999999979392	-2.06076931795189e-11	26	0	0	4	9882
SM00268	ACTIN	0.999999999979392	-2.06076931795189e-11	26	0	0	4	9882
SM00413	ETS	0.999999999979392	-2.06076931795189e-11	26	0	0	4	9882
SM00214	VWC	0.999999999980754	-1.92457167896413e-11	34	0	0	4	9882
SM00315	RGS	0.999999999980754	-1.92457167896413e-11	34	0	0	4	9882
SM00589	PRY	0.999999999980754	-1.92457167896413e-11	34	0	0	4	9882
SM00204	TGFB	0.999999999981045	-1.89548816230971e-11	35	0	0	4	9882
SM00969	SOCS_box	0.999999999981045	-1.89548816230971e-11	35	0	0	4	9882
SM00199	SCY	0.999999999981045	-1.89548816230971e-11	35	0	0	4	9882
SM00180	EGF_Lam	0.999999999981045	-1.89548816230971e-11	35	0	0	4	9882
SM00285	PBD	0.99999999998136	-1.86404523955425e-11	16	0	0	4	9882
SM00222	Sec7	0.99999999998136	-1.86404523955425e-11	16	0	0	4	9882
SM00086	PAC	0.99999999998136	-1.86404523955425e-11	16	0	0	4	9882
SM00069	GLA	0.99999999998136	-1.86404523955425e-11	16	0	0	4	9882
SM00831	Cation_ATPase_N	0.99999999998136	-1.86404523955425e-11	16	0	0	4	9882
SM00799	DENN	0.99999999998136	-1.86404523955425e-11	16	0	0	4	9882
SM00207	TNF	0.99999999998136	-1.86404523955425e-11	16	0	0	4	9882
SM00358	DSRM	0.99999999998136	-1.86404523955425e-11	16	0	0	4	9882
SM00568	GRAM	0.99999999998136	-1.86404523955425e-11	16	0	0	4	9882
SM00146	PI3Kc	0.99999999998136	-1.86404523955425e-11	16	0	0	4	9882
SM00275	G_alpha	0.99999999998136	-1.86404523955425e-11	16	0	0	4	9882
SM00724	TLC	0.99999999998136	-1.86404523955425e-11	16	0	0	4	9882
SM00702	P4Hc	0.99999999998136	-1.86404523955425e-11	16	0	0	4	9882
SM00801	dDENN	0.99999999998136	-1.86404523955425e-11	16	0	0	4	9882
SM00913	IBN_N	0.99999999998136	-1.86404523955425e-11	16	0	0	4	9882
SM00643	C345C	0.99999999998136	-1.86404523955425e-11	16	0	0	4	9882
SM00369	LRR_TYP	0.999999999981415	-1.85850824915843e-11	175	0	0	4	9882
SM00192	LDLa	0.999999999981833	-1.81668224697065e-11	44	0	0	4	9882
SM00220	S_TKc	0.999999999981864	-1.8135747213748e-11	359	0	0	4	9882
SM00490	HELICc	0.999999999982331	-1.76686603396269e-11	106	0	0	4	9882
SM00252	SH2	0.999999999982539	-1.74610781196906e-11	102	0	0	4	9882
SM00297	BROMO	0.999999999982795	-1.72049154389859e-11	39	0	0	4	9882
SM00093	SERPIN	0.999999999983261	-1.67391809286382e-11	62	0	0	4	9882
SM00060	FN3	0.999999999983668	-1.63321162501616e-11	149	0	0	4	9882
SM00020	Tryp_SPc	0.999999999984217	-1.57828690030247e-11	153	0	0	4	9882
SM00133	S_TK_X	0.999999999985138	-1.48616071027603e-11	45	0	0	4	9882
SM00339	FH	0.999999999985138	-1.48616071027603e-11	45	0	0	4	9882
SM00338	BRLZ	0.999999999985569	-1.44309154710454e-11	51	0	0	4	9882
SM00398	HMG	0.999999999985569	-1.44309154710454e-11	51	0	0	4	9882
SM00389	HOX	0.999999999985729	-1.42711367227045e-11	252	0	0	4	9882
SM00233	PH	0.999999999985729	-1.42711367227045e-11	252	0	0	4	9882
SM00159	PTX	0.999999999986179	-1.38214124998739e-11	12	0	0	4	9882
SM00290	ZnF_UBP	0.999999999986179	-1.38214124998739e-11	12	0	0	4	9882
SM00391	MBD	0.999999999986179	-1.38214124998739e-11	12	0	0	4	9882
SM00908	Gal-bind_lectin	0.999999999986179	-1.38214124998739e-11	12	0	0	4	9882
SM00246	WH2	0.999999999986179	-1.38214124998739e-11	12	0	0	4	9882
SM00244	PHB	0.999999999986179	-1.38214124998739e-11	12	0	0	4	9882
SM00284	OLF	0.999999999986179	-1.38214124998739e-11	12	0	0	4	9882
SM00232	JAB_MPN	0.999999999986179	-1.38214124998739e-11	12	0	0	4	9882
SM00310	PTBI	0.999999999986179	-1.38214124998739e-11	12	0	0	4	9882
SM00116	CBS	0.999999999986179	-1.38214124998739e-11	12	0	0	4	9882
SM00337	BCL	0.999999999986179	-1.38214124998739e-11	12	0	0	4	9882
SM01265	Mab-21	0.999999999986179	-1.38214124998739e-11	12	0	0	4	9882
SM00401	ZnF_GATA	0.999999999986179	-1.38214124998739e-11	12	0	0	4	9882
SM00335	ANX	0.999999999986179	-1.38214124998739e-11	12	0	0	4	9882
SM00523	DWA	0.999999999986179	-1.38214124998739e-11	12	0	0	4	9882
SM00034	CLECT	0.999999999987564	-1.24364574350878e-11	121	0	0	4	9882
SM00239	C2	0.999999999987564	-1.24364574350878e-11	121	0	0	4	9882
SM00219	TyrKc	0.999999999988025	-1.19754355969649e-11	81	0	0	4	9882
SM00406	IGv	0.999999999988025	-1.19754355969649e-11	81	0	0	4	9882
SM00324	RhoGAP	0.999999999988099	-1.1901520788292e-11	64	0	0	4	9882
SM00109	C1	0.999999999988099	-1.1901520788292e-11	64	0	0	4	9882
SM00033	CH	0.999999999988099	-1.1901520788292e-11	64	0	0	4	9882
SM00630	Sema	0.999999999988387	-1.16131178192938e-11	31	0	0	4	9882
SM00100	cNMP	0.999999999988387	-1.16131178192938e-11	31	0	0	4	9882
SM01418	Defensin_propep	0.999999999988387	-1.16131178192938e-11	31	0	0	4	9882
SM00165	UBA	0.999999999988387	-1.16131178192938e-11	31	0	0	4	9882
SM00181	EGF	0.999999999988392	-1.16077376702909e-11	177	0	0	4	9882
SM00360	RRM	0.999999999988416	-1.15843185231797e-11	199	0	0	4	9882
SM00423	PSI	0.999999999988782	-1.12182498226753e-11	40	0	0	4	9882
SM00462	PTB	0.999999999988782	-1.12182498226753e-11	40	0	0	4	9882
SM00282	LamG	0.999999999988782	-1.12182498226753e-11	40	0	0	4	9882
SM00032	CCP	0.99999999998917	-1.08299384445147e-11	53	0	0	4	9882
SM00013	LRRNT	0.99999999998917	-1.08299384445147e-11	53	0	0	4	9882
SM00256	FBOX	0.99999999998917	-1.08299384445147e-11	53	0	0	4	9882
SM00487	DEXDc	0.999999999989205	-1.07946576988139e-11	108	0	0	4	9882
SM00097	WNT1	0.999999999989219	-1.07811111736172e-11	19	0	0	4	9882
SM00651	Sm	0.999999999989219	-1.07811111736172e-11	19	0	0	4	9882
SM00367	LRR_CC	0.999999999989219	-1.07811111736172e-11	19	0	0	4	9882
SM00131	KU	0.999999999989219	-1.07811111736172e-11	19	0	0	4	9882
SM00121	IB	0.999999999989219	-1.07811111736172e-11	19	0	0	4	9882
SM00848	Inhibitor_I29	0.999999999989219	-1.07811111736172e-11	19	0	0	4	9882
SM00864	Tubulin	0.999999999989219	-1.07811111736172e-11	19	0	0	4	9882
SM00191	Int_alpha	0.999999999989219	-1.07811111736172e-11	19	0	0	4	9882
SM01089	Connexin_CCC	0.999999999989219	-1.07811111736172e-11	19	0	0	4	9882
SM00292	BRCT	0.999999999989219	-1.07811111736172e-11	19	0	0	4	9882
SM00136	LamNT	0.999999999989254	-1.07460667689357e-11	15	0	0	4	9882
SM00501	BRIGHT	0.999999999989254	-1.07460667689357e-11	15	0	0	4	9882
SM01117	Cyt-b5	0.999999999989254	-1.07460667689357e-11	15	0	0	4	9882
SM00352	POU	0.999999999989254	-1.07460667689357e-11	15	0	0	4	9882
SM00130	KR	0.999999999989254	-1.07460667689357e-11	15	0	0	4	9882
SM00498	FH2	0.999999999989254	-1.07460667689357e-11	15	0	0	4	9882
SM00217	WAP	0.999999999989254	-1.07460667689357e-11	15	0	0	4	9882
SM00149	PLCYc	0.999999999989254	-1.07460667689357e-11	15	0	0	4	9882
SM00800	uDENN	0.999999999989254	-1.07460667689357e-11	15	0	0	4	9882
SM01014	ARID	0.999999999989254	-1.07460667689357e-11	15	0	0	4	9882
SM00726	UIM	0.999999999989254	-1.07460667689357e-11	15	0	0	4	9882
SM00088	PINT	0.999999999989254	-1.07460667689357e-11	15	0	0	4	9882
SM01244	IRS	0.999999999989254	-1.07460667689357e-11	15	0	0	4	9882
SM00303	GPS	0.999999999989537	-1.04632882830037e-11	29	0	0	4	9882
SM00451	ZnF_U1	0.999999999989537	-1.04632882830037e-11	29	0	0	4	9882
SM00314	RA	0.999999999989537	-1.04632882830037e-11	29	0	0	4	9882
SM00558	JmjC	0.999999999989537	-1.04632882830037e-11	29	0	0	4	9882
SM00235	ZnMc	0.999999999989537	-1.04632882830037e-11	29	0	0	4	9882
SM00110	C1Q	0.999999999989537	-1.04632882830037e-11	29	0	0	4	9882
SM00173	RAS	0.999999999989585	-1.04146783549097e-11	131	0	0	4	9882
SM00112	CA	0.999999999990578	-9.42210436345466e-12	117	0	0	4	9882
SM00249	PHD	0.999999999990631	-9.3688716072881e-12	89	0	0	4	9882
SM00174	RHO	0.999999999990878	-9.12242084044786e-12	123	0	0	4	9882
SM00215	VWC_out	0.999999999991364	-8.6355065587712e-12	20	0	0	4	9882
SM00332	PP2Cc	0.999999999991364	-8.6355065587712e-12	20	0	0	4	9882
SM00293	PWWP	0.999999999991364	-8.6355065587712e-12	20	0	0	4	9882
SM00044	CYCc	0.999999999991364	-8.6355065587712e-12	20	0	0	4	9882
SM00397	t_SNARE	0.999999999991364	-8.6355065587712e-12	20	0	0	4	9882
SM00041	CT	0.999999999991364	-8.6355065587712e-12	20	0	0	4	9882
SM00547	ZnF_RBZ	0.999999999991364	-8.6355065587712e-12	20	0	0	4	9882
SM00063	FRI	0.999999999991364	-8.6355065587712e-12	20	0	0	4	9882
SM00253	SOCS	0.999999999991364	-8.6355065587712e-12	20	0	0	4	9882
SM00055	FCH	0.999999999991364	-8.6355065587712e-12	20	0	0	4	9882
SM00443	G_patch	0.999999999991364	-8.6355065587712e-12	20	0	0	4	9882
SM00231	FA58C	0.999999999991364	-8.6355065587712e-12	20	0	0	4	9882
SM00132	LIM	0.999999999991676	-8.3239345710023e-12	73	0	0	4	9882
SM00242	MYSc	0.999999999991838	-8.16212226367969e-12	38	0	0	4	9882
SM00322	KH	0.999999999992683	-7.31662320047046e-12	37	0	0	4	9882
SM00164	TBC	0.999999999992683	-7.31662320047046e-12	37	0	0	4	9882
SM00194	PTPc	0.999999999992683	-7.31662320047046e-12	37	0	0	4	9882
SM00050	DISIN	0.999999999992683	-7.31662320047046e-12	37	0	0	4	9882
SM00320	WD40	0.999999999992809	-7.19076471705031e-12	256	0	0	4	9882
SM00399	ZnF_C4	0.999999999993121	-6.87893074567672e-12	47	0	0	4	9882
SM00456	WW	0.999999999993121	-6.87893074567672e-12	47	0	0	4	9882
SM00295	B41	0.999999999993121	-6.87893074567672e-12	47	0	0	4	9882
SM00271	DnaJ	0.999999999993121	-6.87893074567672e-12	47	0	0	4	9882
SM00387	HATPase_c	0.999999999993293	-6.70672811216088e-12	9	0	0	4	9882
SM00263	LYZ1	0.999999999993293	-6.70672811216088e-12	9	0	0	4	9882
SM00674	CENPB	0.999999999993293	-6.70672811216088e-12	9	0	0	4	9882
SM00545	JmjN	0.999999999993293	-6.70672811216088e-12	9	0	0	4	9882
SM01359	A2M_N_2	0.999999999993293	-6.70672811216088e-12	9	0	0	4	9882
SM00316	S1	0.999999999993293	-6.70672811216088e-12	9	0	0	4	9882
SM00561	MBT	0.999999999993293	-6.70672811216088e-12	9	0	0	4	9882
SM00078	IlGF	0.999999999993293	-6.70672811216088e-12	9	0	0	4	9882
SM00085	PA2c	0.999999999993293	-6.70672811216088e-12	9	0	0	4	9882
SM01026	Beach	0.999999999993293	-6.70672811216088e-12	9	0	0	4	9882
SM01140	Drf_GBD	0.999999999993293	-6.70672811216088e-12	9	0	0	4	9882
SM00393	R3H	0.999999999993293	-6.70672811216088e-12	9	0	0	4	9882
SM00668	CTLH	0.999999999993293	-6.70672811216088e-12	9	0	0	4	9882
SM00855	PGAM	0.999999999993293	-6.70672811216088e-12	9	0	0	4	9882
SM00849	Lactamase_B	0.999999999993293	-6.70672811216088e-12	9	0	0	4	9882
SM00652	eIF1a	0.999999999993293	-6.70672811216088e-12	9	0	0	4	9882
SM01349	TOG	0.999999999993293	-6.70672811216088e-12	9	0	0	4	9882
SM00273	ENTH	0.999999999993293	-6.70672811216088e-12	9	0	0	4	9882
SM00114	CARD	0.999999999993293	-6.70672811216088e-12	9	0	0	4	9882
SM00218	ZU5	0.999999999993293	-6.70672811216088e-12	9	0	0	4	9882
SM00187	INB	0.999999999993293	-6.70672811216088e-12	9	0	0	4	9882
SM00351	PAX	0.999999999993293	-6.70672811216088e-12	9	0	0	4	9882
SM01361	A2M_recep	0.999999999993293	-6.70672811216088e-12	9	0	0	4	9882
SM00141	PDGF	0.999999999993293	-6.70672811216088e-12	9	0	0	4	9882
SM01139	Drf_FH3	0.999999999993293	-6.70672811216088e-12	9	0	0	4	9882
SM00537	DCX	0.999999999993293	-6.70672811216088e-12	9	0	0	4	9882
SM00809	Alpha_adaptinC2	0.999999999993293	-6.70672811216088e-12	9	0	0	4	9882
SM01360	A2M	0.999999999993293	-6.70672811216088e-12	9	0	0	4	9882
SM00348	IRF	0.999999999993293	-6.70672811216088e-12	9	0	0	4	9882
SM00145	PI3Ka	0.999999999993293	-6.70672811216088e-12	9	0	0	4	9882
SM00350	MCM	0.999999999993293	-6.70672811216088e-12	9	0	0	4	9882
SM00727	STI1	0.999999999993293	-6.70672811216088e-12	9	0	0	4	9882
SM00430	HOLI	0.999999999994526	-5.47361988468986e-12	49	0	0	4	9882
SM00336	BBOX	0.999999999994873	-5.1265125756563e-12	58	0	0	4	9882
SM00407	IGc1	0.999999999994873	-5.1265125756563e-12	58	0	0	4	9882
SM00134	LU	0.999999999995019	-4.98071386124976e-12	21	0	0	4	9882
SM00049	DEP	0.999999999995019	-4.98071386124976e-12	21	0	0	4	9882
SM00048	DEFSN	0.999999999995019	-4.98071386124976e-12	21	0	0	4	9882
SM00356	ZnF_C3H1	0.999999999995754	-4.24580849558466e-12	46	0	0	4	9882
SM00365	LRR_SD22	0.999999999996432	-3.5676845437934e-12	54	0	0	4	9882
SM00746	TRASH	0.999999999996443	-3.5569065444216e-12	8	0	0	4	9882
SM01025	BEN	0.999999999996443	-3.5569065444216e-12	8	0	0	4	9882
SM00139	MyTH4	0.999999999996443	-3.5569065444216e-12	8	0	0	4	9882
SM01419	Thiol-ester_cl	0.999999999996443	-3.5569065444216e-12	8	0	0	4	9882
SM00142	PI3K_C2	0.999999999996443	-3.5569065444216e-12	8	0	0	4	9882
SM00099	btg1	0.999999999996443	-3.5569065444216e-12	8	0	0	4	9882
SM00154	ZnF_AN1	0.999999999996443	-3.5569065444216e-12	8	0	0	4	9882
SM00125	IL1	0.999999999996443	-3.5569065444216e-12	8	0	0	4	9882
SM00506	A1pp	0.999999999996443	-3.5569065444216e-12	8	0	0	4	9882
SM00504	Ubox	0.999999999996443	-3.5569065444216e-12	8	0	0	4	9882
SM01242	Integrin_B_tail	0.999999999996443	-3.5569065444216e-12	8	0	0	4	9882
SM00200	SEA	0.999999999996443	-3.5569065444216e-12	8	0	0	4	9882
SM00503	SynN	0.999999999996443	-3.5569065444216e-12	8	0	0	4	9882
SM00153	VHP	0.999999999996443	-3.5569065444216e-12	8	0	0	4	9882
SM00511	ORANGE	0.999999999996443	-3.5569065444216e-12	8	0	0	4	9882
SM00281	LamB	0.999999999996443	-3.5569065444216e-12	8	0	0	4	9882
SM00468	PreSET	0.999999999996443	-3.5569065444216e-12	8	0	0	4	9882
SM00948	Proteasome_A_N	0.999999999996443	-3.5569065444216e-12	8	0	0	4	9882
SM00166	UBX	0.999999999996443	-3.5569065444216e-12	8	0	0	4	9882
SM01420	TRP_2	0.999999999996443	-3.5569065444216e-12	8	0	0	4	9882
SM00884	Cullin_Nedd8	0.999999999996443	-3.5569065444216e-12	8	0	0	4	9882
SM01412	Pro-rich	0.999999999996443	-3.5569065444216e-12	8	0	0	4	9882
SM00524	DWB	0.999999999996443	-3.5569065444216e-12	8	0	0	4	9882
SM00357	CSP	0.999999999996443	-3.5569065444216e-12	8	0	0	4	9882
SM00288	VHS	0.999999999996443	-3.5569065444216e-12	8	0	0	4	9882
SM00861	Transket_pyr	0.999999999996443	-3.5569065444216e-12	8	0	0	4	9882
SM00167	VPS9	0.999999999996443	-3.5569065444216e-12	8	0	0	4	9882
SM01203	DUF3585	0.999999999996443	-3.5569065444216e-12	8	0	0	4	9882
SM00609	VIT	0.999999999996443	-3.5569065444216e-12	8	0	0	4	9882
SM00329	BPI2	0.999999999996443	-3.5569065444216e-12	8	0	0	4	9882
SM00562	NDK	0.999999999996443	-3.5569065444216e-12	8	0	0	4	9882
SM00330	PIPKc	0.999999999996443	-3.5569065444216e-12	8	0	0	4	9882
SM00262	GEL	0.999999999996443	-3.5569065444216e-12	8	0	0	4	9882
SM00107	BTK	0.999999999996443	-3.5569065444216e-12	8	0	0	4	9882
SM00237	Calx_beta	0.999999999996443	-3.5569065444216e-12	8	0	0	4	9882
SM00577	CPDc	0.999999999996443	-3.5569065444216e-12	8	0	0	4	9882
SM00557	IG_FLMN	0.999999999996443	-3.5569065444216e-12	8	0	0	4	9882
SM00471	HDc	0.999999999996461	-3.53850543074694e-12	23	0	0	4	9882
SM00450	RHOD	0.999999999996461	-3.53850543074694e-12	23	0	0	4	9882
SM00092	RNAse_Pc	0.999999999996461	-3.53850543074694e-12	23	0	0	4	9882
SM00105	ArfGap	0.999999999996461	-3.53850543074694e-12	23	0	0	4	9882
SM00255	TIR	0.999999999996461	-3.53850543074694e-12	23	0	0	4	9882
SM00645	Pept_C1	0.999999999996461	-3.53850543074694e-12	23	0	0	4	9882
SM00458	RICIN	0.999999999996461	-3.53850543074694e-12	23	0	0	4	9882
SM00208	TNFR	0.999999999996461	-3.53850543074694e-12	23	0	0	4	9882
SM00875	BACK	0.999999999996467	-3.53291009631838e-12	57	0	0	4	9882
SM01411	Ephrin_rec_like	0.999999999996693	-3.30695742641614e-12	24	0	0	4	9882
SM00091	PAS	0.999999999996693	-3.30695742641614e-12	24	0	0	4	9882
SM00361	RRM_1	0.999999999996693	-3.30695742641614e-12	24	0	0	4	9882
SM00120	HX	0.999999999996693	-3.30695742641614e-12	24	0	0	4	9882
SM00516	SEC14	0.999999999996693	-3.30695742641614e-12	24	0	0	4	9882
SM01394	S_100	0.999999999996693	-3.30695742641614e-12	24	0	0	4	9882
SM00076	IFabd	0.999999999996693	-3.30695742641614e-12	24	0	0	4	9882
SM00008	HormR	0.999999999996693	-3.30695742641614e-12	24	0	0	4	9882
SM00015	IQ	0.999999999997567	-2.43288836086904e-12	52	0	0	4	9882
SM00454	SAM	0.999999999998049	-1.9505772375659e-12	83	0	0	4	9882
SM00507	HNHc	0.999999999998259	-1.74112764136924e-12	1	0	0	4	9882
SM00719	Plus3	0.999999999998259	-1.74112764136924e-12	1	0	0	4	9882
SM00019	SF_P	0.999999999998259	-1.74112764136924e-12	1	0	0	4	9882
SM00934	OMPdecase	0.999999999998259	-1.74112764136924e-12	1	0	0	4	9882
SM00538	POP4	0.999999999998259	-1.74112764136924e-12	1	0	0	4	9882
SM00157	PRP	0.999999999998259	-1.74112764136924e-12	1	0	0	4	9882
SM01181	E2_bind	0.999999999998259	-1.74112764136924e-12	1	0	0	4	9882
SM00839	ELFV_dehydrog	0.999999999998259	-1.74112764136924e-12	1	0	0	4	9882
SM01377	Ribosomal_L40e	0.999999999998259	-1.74112764136924e-12	1	0	0	4	9882
SM00245	TSPc	0.999999999998259	-1.74112764136924e-12	1	0	0	4	9882
SM01082	CHZ	0.999999999998259	-1.74112764136924e-12	1	0	0	4	9882
SM01031	BHD_2	0.999999999998259	-1.74112764136924e-12	1	0	0	4	9882
SM00823	PKS_PP	0.999999999998259	-1.74112764136924e-12	1	0	0	4	9882
SM00752	HTTM	0.999999999998259	-1.74112764136924e-12	1	0	0	4	9882
SM00784	SPT2	0.999999999998259	-1.74112764136924e-12	1	0	0	4	9882
SM00084	NMU	0.999999999998259	-1.74112764136924e-12	1	0	0	4	9882
SM00017	OSTEO	0.999999999998259	-1.74112764136924e-12	1	0	0	4	9882
SM00703	NRF	0.999999999998259	-1.74112764136924e-12	1	0	0	4	9882
SM01342	TAN	0.999999999998259	-1.74112764136924e-12	1	0	0	4	9882
SM00874	B5	0.999999999998259	-1.74112764136924e-12	1	0	0	4	9882
SM01036	BP28CT	0.999999999998259	-1.74112764136924e-12	1	0	0	4	9882
SM01077	Cg6151-P	0.999999999998259	-1.74112764136924e-12	1	0	0	4	9882
SM01379	GAGE	0.999999999998259	-1.74112764136924e-12	1	0	0	4	9882
SM01071	CDC37_N	0.999999999998259	-1.74112764136924e-12	1	0	0	4	9882
SM00654	eIF6	0.999999999998259	-1.74112764136924e-12	1	0	0	4	9882
SM00659	RPOLCX	0.999999999998259	-1.74112764136924e-12	1	0	0	4	9882
SM01354	BLVR	0.999999999998259	-1.74112764136924e-12	1	0	0	4	9882
SM01186	eIF3_N	0.999999999998259	-1.74112764136924e-12	1	0	0	4	9882
SM01221	FTCD	0.999999999998259	-1.74112764136924e-12	1	0	0	4	9882
SM01169	DUF1943	0.999999999998259	-1.74112764136924e-12	1	0	0	4	9882
SM01356	AP4E_app_platf	0.999999999998259	-1.74112764136924e-12	1	0	0	4	9882
SM00859	Semialdhyde_dh	0.999999999998259	-1.74112764136924e-12	1	0	0	4	9882
SM01308	RICTOR_N	0.999999999998259	-1.74112764136924e-12	1	0	0	4	9882
SM01273	Mago-bind	0.999999999998259	-1.74112764136924e-12	1	0	0	4	9882
SM01331	DUF3635	0.999999999998259	-1.74112764136924e-12	1	0	0	4	9882
SM01152	DUF167	0.999999999998259	-1.74112764136924e-12	1	0	0	4	9882
SM01128	DDRGK	0.999999999998259	-1.74112764136924e-12	1	0	0	4	9882
SM01253	Kin17_mid	0.999999999998259	-1.74112764136924e-12	1	0	0	4	9882
SM01197	FANCL_C	0.999999999998259	-1.74112764136924e-12	1	0	0	4	9882
SM01414	P68HR	0.999999999998259	-1.74112764136924e-12	1	0	0	4	9882
SM01416	Ribosomal_L19e	0.999999999998259	-1.74112764136924e-12	1	0	0	4	9882
SM01405	Ribosomal_S6e	0.999999999998259	-1.74112764136924e-12	1	0	0	4	9882
SM01191	ENT	0.999999999998259	-1.74112764136924e-12	1	0	0	4	9882
SM00067	GHA	0.999999999998259	-1.74112764136924e-12	1	0	0	4	9882
SM00898	Fapy_DNA_glyco	0.999999999998259	-1.74112764136924e-12	1	0	0	4	9882
SM00567	EZ_HEAT	0.999999999998259	-1.74112764136924e-12	1	0	0	4	9882
SM01262	LAMTOR	0.999999999998259	-1.74112764136924e-12	1	0	0	4	9882
SM00040	CSF2	0.999999999998259	-1.74112764136924e-12	1	0	0	4	9882
SM01018	B12-binding_2	0.999999999998259	-1.74112764136924e-12	1	0	0	4	9882
SM01075	CDT1	0.999999999998259	-1.74112764136924e-12	1	0	0	4	9882
SM01220	FSA_C	0.999999999998259	-1.74112764136924e-12	1	0	0	4	9882
SM01024	BCS1_N	0.999999999998259	-1.74112764136924e-12	1	0	0	4	9882
SM01033	BING4CT	0.999999999998259	-1.74112764136924e-12	1	0	0	4	9882
SM00998	ADSL_C	0.999999999998259	-1.74112764136924e-12	1	0	0	4	9882
SM01254	KLRAQ	0.999999999998259	-1.74112764136924e-12	1	0	0	4	9882
SM01335	PADR1	0.999999999998259	-1.74112764136924e-12	1	0	0	4	9882
SM01353	AIF_C	0.999999999998259	-1.74112764136924e-12	1	0	0	4	9882
SM01183	EF1G	0.999999999998259	-1.74112764136924e-12	1	0	0	4	9882
SM00780	PIG-X	0.999999999998259	-1.74112764136924e-12	1	0	0	4	9882
SM00709	Zpr1	0.999999999998259	-1.74112764136924e-12	1	0	0	4	9882
SM01413	Ribosomal_S19e	0.999999999998259	-1.74112764136924e-12	1	0	0	4	9882
SM00127	IL7	0.999999999998259	-1.74112764136924e-12	1	0	0	4	9882
SM01404	CIMR	0.999999999998259	-1.74112764136924e-12	1	0	0	4	9882
SM00975	Telomerase_RBD	0.999999999998259	-1.74112764136924e-12	1	0	0	4	9882
SM01406	PAPA-1	0.999999999998259	-1.74112764136924e-12	1	0	0	4	9882
SM01422	SARA	0.999999999998259	-1.74112764136924e-12	1	0	0	4	9882
SM00203	TK	0.999999999998259	-1.74112764136924e-12	1	0	0	4	9882
SM01160	DUF1751	0.999999999998259	-1.74112764136924e-12	1	0	0	4	9882
SM00743	Agenet	0.999999999998259	-1.74112764136924e-12	1	0	0	4	9882
SM01223	FTO_NTD	0.999999999998259	-1.74112764136924e-12	1	0	0	4	9882
SM01158	DUF1741	0.999999999998259	-1.74112764136924e-12	1	0	0	4	9882
SM00870	Asparaginase	0.999999999998259	-1.74112764136924e-12	1	0	0	4	9882
SM01302	Raptor_N	0.999999999998259	-1.74112764136924e-12	1	0	0	4	9882
SM01030	BHD_1	0.999999999998259	-1.74112764136924e-12	1	0	0	4	9882
SM01035	BOP1NT	0.999999999998259	-1.74112764136924e-12	1	0	0	4	9882
SM00826	PKS_DH	0.999999999998259	-1.74112764136924e-12	1	0	0	4	9882
SM00802	UME	0.999999999998259	-1.74112764136924e-12	1	0	0	4	9882
SM01350	6PGD	0.999999999998259	-1.74112764136924e-12	1	0	0	4	9882
SM00818	Amelogenin	0.999999999998259	-1.74112764136924e-12	1	0	0	4	9882
SM00470	ParB	0.999999999998259	-1.74112764136924e-12	1	0	0	4	9882
SM01180	DWNN	0.999999999998259	-1.74112764136924e-12	1	0	0	4	9882
SM01348	Nbs1_C	0.999999999998259	-1.74112764136924e-12	1	0	0	4	9882
SM00738	NGN	0.999999999998259	-1.74112764136924e-12	1	0	0	4	9882
SM00929	NADH-G_4Fe-4S_3	0.999999999998259	-1.74112764136924e-12	1	0	0	4	9882
SM01098	CPSF73-100_C	0.999999999998259	-1.74112764136924e-12	1	0	0	4	9882
SM01409	RNA_pol_Rpb6	0.999999999998259	-1.74112764136924e-12	1	0	0	4	9882
SM00189	IL2	0.999999999998259	-1.74112764136924e-12	1	0	0	4	9882
SM00071	Galanin	0.999999999998259	-1.74112764136924e-12	1	0	0	4	9882
SM01346	DUF3385	0.999999999998259	-1.74112764136924e-12	1	0	0	4	9882
SM00023	COLIPASE	0.999999999998259	-1.74112764136924e-12	1	0	0	4	9882
SM01344	NUC194	0.999999999998259	-1.74112764136924e-12	1	0	0	4	9882
SM01120	Dak2	0.999999999998259	-1.74112764136924e-12	1	0	0	4	9882
SM01159	DUF1744	0.999999999998259	-1.74112764136924e-12	1	0	0	4	9882
SM01364	NPP	0.999999999998259	-1.74112764136924e-12	1	0	0	4	9882
SM01032	BHD_3	0.999999999998259	-1.74112764136924e-12	1	0	0	4	9882
SM00684	DM15	0.999999999998259	-1.74112764136924e-12	1	0	0	4	9882
SM01162	DUF1771	0.999999999998259	-1.74112764136924e-12	1	0	0	4	9882
SM00944	Pro-kuma_activ	0.999999999998259	-1.74112764136924e-12	1	0	0	4	9882
SM00946	ProRS-C_1	0.999999999998259	-1.74112764136924e-12	1	0	0	4	9882
SM01087	COG6	0.999999999998259	-1.74112764136924e-12	1	0	0	4	9882
SM00805	AGTRAP	0.999999999998259	-1.74112764136924e-12	1	0	0	4	9882
SM01352	APCDDC	0.999999999998259	-1.74112764136924e-12	1	0	0	4	9882
SM01156	DUF1716	0.999999999998259	-1.74112764136924e-12	1	0	0	4	9882
SM01384	Ribosomal_L15e	0.999999999998259	-1.74112764136924e-12	1	0	0	4	9882
SM01386	Ribosomal_S13_N	0.999999999998259	-1.74112764136924e-12	1	0	0	4	9882
SM01125	DCP2	0.999999999998259	-1.74112764136924e-12	1	0	0	4	9882
SM01295	K167R	0.999999999998259	-1.74112764136924e-12	1	0	0	4	9882
SM00928	NADH_4Fe-4S	0.999999999998259	-1.74112764136924e-12	1	0	0	4	9882
SM01047	C1_4	0.999999999998259	-1.74112764136924e-12	1	0	0	4	9882
SM00986	UDG	0.999999999998259	-1.74112764136924e-12	1	0	0	4	9882
SM01397	Ribosomal_S3Ae	0.999999999998259	-1.74112764136924e-12	1	0	0	4	9882
SM00984	UDPG_MGDP_dh_C	0.999999999998259	-1.74112764136924e-12	1	0	0	4	9882
SM00987	UreE_C	0.999999999998259	-1.74112764136924e-12	1	0	0	4	9882
SM00521	CBF	0.999999999998259	-1.74112764136924e-12	1	0	0	4	9882
SM01396	BC10	0.999999999998259	-1.74112764136924e-12	1	0	0	4	9882
SM00762	Cog4	0.999999999998259	-1.74112764136924e-12	1	0	0	4	9882
SM01044	Btz	0.999999999998259	-1.74112764136924e-12	1	0	0	4	9882
SM00535	RIBOc	0.999999999998259	-1.74112764136924e-12	1	0	0	4	9882
SM00226	LMWPc	0.999999999998259	-1.74112764136924e-12	1	0	0	4	9882
SM00932	Nfu_N	0.999999999998259	-1.74112764136924e-12	1	0	0	4	9882
SM01222	FTCD_N	0.999999999998259	-1.74112764136924e-12	1	0	0	4	9882
SM01123	DBP10CT	0.999999999998259	-1.74112764136924e-12	1	0	0	4	9882
SM00417	H4	0.999999999998259	-1.74112764136924e-12	1	0	0	4	9882
SM01278	MAPKK1_Int	0.999999999998259	-1.74112764136924e-12	1	0	0	4	9882
SM01303	RasGEF_N_2	0.999999999998259	-1.74112764136924e-12	1	0	0	4	9882
SM01136	DKCLD	0.999999999998259	-1.74112764136924e-12	1	0	0	4	9882
SM01204	FIST_C	0.999999999998259	-1.74112764136924e-12	1	0	0	4	9882
SM01285	FACT-Spt16_Nlob	0.999999999998259	-1.74112764136924e-12	1	0	0	4	9882
SM01311	RPOL_N	0.999999999998259	-1.74112764136924e-12	1	0	0	4	9882
SM01016	Arg_tRNA_synt_N	0.999999999998259	-1.74112764136924e-12	1	0	0	4	9882
SM01069	CDC37_C	0.999999999998259	-1.74112764136924e-12	1	0	0	4	9882
SM01210	GARS_C	0.999999999998259	-1.74112764136924e-12	1	0	0	4	9882
SM00817	Amelin	0.999999999998259	-1.74112764136924e-12	1	0	0	4	9882
SM01209	GARS_A	0.999999999998259	-1.74112764136924e-12	1	0	0	4	9882
SM01280	Mcm10	0.999999999998259	-1.74112764136924e-12	1	0	0	4	9882
SM00941	PYNP_C	0.999999999998259	-1.74112764136924e-12	1	0	0	4	9882
SM00754	CHRD	0.999999999998259	-1.74112764136924e-12	1	0	0	4	9882
SM01347	Mre11_DNA_bind	0.999999999998259	-1.74112764136924e-12	1	0	0	4	9882
SM00530	HTH_XRE	0.999999999998259	-1.74112764136924e-12	1	0	0	4	9882
SM01341	Tower	0.999999999998259	-1.74112764136924e-12	1	0	0	4	9882
SM00731	SprT	0.999999999998259	-1.74112764136924e-12	1	0	0	4	9882
SM00277	GRAN	0.999999999998259	-1.74112764136924e-12	1	0	0	4	9882
SM01402	Ribosomal_S27	0.999999999998259	-1.74112764136924e-12	1	0	0	4	9882
SM00030	CLb	0.999999999998259	-1.74112764136924e-12	1	0	0	4	9882
SM01296	N2227	0.999999999998259	-1.74112764136924e-12	1	0	0	4	9882
SM00318	SNc	0.999999999998259	-1.74112764136924e-12	1	0	0	4	9882
SM01393	Ribosomal_L32e	0.999999999998259	-1.74112764136924e-12	1	0	0	4	9882
SM00904	Flavokinase	0.999999999998259	-1.74112764136924e-12	1	0	0	4	9882
SM00845	GatB_Yqey	0.999999999998259	-1.74112764136924e-12	1	0	0	4	9882
SM01102	CRM1_C	0.999999999998259	-1.74112764136924e-12	1	0	0	4	9882
SM01378	Romo1	0.999999999998259	-1.74112764136924e-12	1	0	0	4	9882
SM01118	CYTH	0.999999999998259	-1.74112764136924e-12	1	0	0	4	9882
SM01306	RFX5_DNA_bdg	0.999999999998259	-1.74112764136924e-12	1	0	0	4	9882
SM01133	DeoC	0.999999999998259	-1.74112764136924e-12	1	0	0	4	9882
SM01124	DBR1	0.999999999998259	-1.74112764136924e-12	1	0	0	4	9882
SM01155	DUF1713	0.999999999998259	-1.74112764136924e-12	1	0	0	4	9882
SM01211	GATase_5	0.999999999998259	-1.74112764136924e-12	1	0	0	4	9882
SM01385	DSS1_SEM1	0.999999999998259	-1.74112764136924e-12	1	0	0	4	9882
SM01380	Ribosomal_L31e	0.999999999998259	-1.74112764136924e-12	1	0	0	4	9882
SM01365	Op_neuropeptide	0.999999999998259	-1.74112764136924e-12	1	0	0	4	9882
SM01001	AIRC	0.999999999998259	-1.74112764136924e-12	1	0	0	4	9882
SM00465	GIYc	0.999999999998259	-1.74112764136924e-12	1	0	0	4	9882
SM00858	SAF	0.999999999998259	-1.74112764136924e-12	1	0	0	4	9882
SM01309	RICTOR_phospho	0.999999999998259	-1.74112764136924e-12	1	0	0	4	9882
SM00798	AICARFT_IMPCHas	0.999999999998259	-1.74112764136924e-12	1	0	0	4	9882
SM01261	Thymopoietin	0.999999999998259	-1.74112764136924e-12	1	0	0	4	9882
SM01310	RICTOR_V	0.999999999998259	-1.74112764136924e-12	1	0	0	4	9882
SM01129	DELLA	0.999999999998259	-1.74112764136924e-12	1	0	0	4	9882
SM00658	RPOL8c	0.999999999998259	-1.74112764136924e-12	1	0	0	4	9882
SM01013	APC2	0.999999999998259	-1.74112764136924e-12	1	0	0	4	9882
SM01168	DUF1907	0.999999999998259	-1.74112764136924e-12	1	0	0	4	9882
SM00910	HIRAN	0.999999999998259	-1.74112764136924e-12	1	0	0	4	9882
SM01148	DUF1220	0.999999999998259	-1.74112764136924e-12	1	0	0	4	9882
SM00035	CLa	0.999999999998259	-1.74112764136924e-12	1	0	0	4	9882
SM00026	EPEND	0.999999999998259	-1.74112764136924e-12	1	0	0	4	9882
SM01264	M16C_associated	0.999999999998259	-1.74112764136924e-12	1	0	0	4	9882
SM01219	Frataxin_Cyay	0.999999999998259	-1.74112764136924e-12	1	0	0	4	9882
SM00883	Cpn10	0.999999999998259	-1.74112764136924e-12	1	0	0	4	9882
SM01004	ALAD	0.999999999998259	-1.74112764136924e-12	1	0	0	4	9882
SM01085	CK_II_beta	0.999999999998259	-1.74112764136924e-12	1	0	0	4	9882
SM01060	Catalase	0.999999999998259	-1.74112764136924e-12	1	0	0	4	9882
SM00613	PAW	0.999999999998259	-1.74112764136924e-12	1	0	0	4	9882
SM00683	DM16	0.999999999998259	-1.74112764136924e-12	1	0	0	4	9882
SM00990	VRR_NUC	0.999999999998259	-1.74112764136924e-12	1	0	0	4	9882
SM01363	ACTH_domain	0.999999999998259	-1.74112764136924e-12	1	0	0	4	9882
SM00463	SMR	0.999999999998259	-1.74112764136924e-12	1	0	0	4	9882
SM01173	DUF4187	0.999999999998259	-1.74112764136924e-12	1	0	0	4	9882
SM01307	RICTOR_M	0.999999999998259	-1.74112764136924e-12	1	0	0	4	9882
SM00995	AD	0.999999999998259	-1.74112764136924e-12	1	0	0	4	9882
SM01228	GIDA_assoc_3	0.999999999998259	-1.74112764136924e-12	1	0	0	4	9882
SM01135	DIRP	0.999999999998259	-1.74112764136924e-12	1	0	0	4	9882
SM01214	Fmp27_GFWDK	0.999999999998259	-1.74112764136924e-12	1	0	0	4	9882
SM00748	HEPN	0.999999999998259	-1.74112764136924e-12	1	0	0	4	9882
SM01286	SPT16	0.999999999998259	-1.74112764136924e-12	1	0	0	4	9882
SM01284	ECSIT_Cterm	0.999999999998259	-1.74112764136924e-12	1	0	0	4	9882
SM00983	TPK_B1_binding	0.999999999998259	-1.74112764136924e-12	1	0	0	4	9882
SM01395	Tbf5	0.999999999998259	-1.74112764136924e-12	1	0	0	4	9882
SM01297	KAP	0.999999999998259	-1.74112764136924e-12	1	0	0	4	9882
SM00254	ShKT	0.999999999998259	-1.74112764136924e-12	1	0	0	4	9882
SM00353	HLH	0.999999999998422	-1.57790562632046e-12	110	0	0	4	9882
SM00054	EFh	0.99999999999904	-9.60224518511849e-13	143	0	0	4	9882
SM00612	Kelch	0.999999999999342	-6.58167393606511e-13	55	0	0	4	9882
SM00176	RAN	1.00000000000026	2.55851065678784e-13	82	0	0	4	9882
SM00225	BTB	1.00000000000074	7.43424710970682e-13	202	0	0	4	9882
SM00543	MIF4G	1.00000000000204	2.03896949668309e-12	10	0	0	4	9882
SM00636	Glyco_18	1.00000000000204	2.03896949668309e-12	10	0	0	4	9882
SM01100	CRAL_TRIO_N	1.00000000000204	2.03896949668309e-12	10	0	0	4	9882
SM01039	BRICHOS	1.00000000000204	2.03896949668309e-12	10	0	0	4	9882
SM01190	EMP24_GP25L	1.00000000000204	2.03896949668309e-12	10	0	0	4	9882
SM00745	MIT	1.00000000000204	2.03896949668309e-12	10	0	0	4	9882
SM00045	DAGKa	1.00000000000204	2.03896949668309e-12	10	0	0	4	9882
SM00102	ADF	1.00000000000204	2.03896949668309e-12	10	0	0	4	9882
SM00591	RWD	1.00000000000204	2.03896949668309e-12	10	0	0	4	9882
SM01017	Arrestin_C	1.00000000000204	2.03896949668309e-12	10	0	0	4	9882
SM00472	MIR	1.00000000000204	2.03896949668309e-12	10	0	0	4	9882
SM01372	E2F_TDP	1.00000000000204	2.03896949668309e-12	10	0	0	4	9882
SM00128	IPPc	1.00000000000204	2.03896949668309e-12	10	0	0	4	9882
SM01052	CAP_GLY	1.00000000000204	2.03896949668309e-12	10	0	0	4	9882
SM00251	SAM_PNT	1.00000000000204	2.03896949668309e-12	10	0	0	4	9882
SM01196	FERM_C	1.00000000000271	2.70557444845479e-12	25	0	0	4	9882
SM00072	GuKc	1.00000000000271	2.70557444845479e-12	25	0	0	4	9882
SM00333	TUDOR	1.00000000000271	2.70557444845479e-12	25	0	0	4	9882
SM00396	ZnF_UBR1	1.00000000000294	2.93793033760815e-12	7	0	0	4	9882
SM01062	Ca_chan_IQ	1.00000000000294	2.93793033760815e-12	7	0	0	4	9882
SM01167	DUF1900	1.00000000000294	2.93793033760815e-12	7	0	0	4	9882
SM00671	SEL1	1.00000000000294	2.93793033760815e-12	7	0	0	4	9882
SM00692	DM3	1.00000000000294	2.93793033760815e-12	7	0	0	4	9882
SM00509	TFS2N	1.00000000000294	2.93793033760815e-12	7	0	0	4	9882
SM00510	TFS2M	1.00000000000294	2.93793033760815e-12	7	0	0	4	9882
SM01166	DUF1899	1.00000000000294	2.93793033760815e-12	7	0	0	4	9882
SM00243	GAS2	1.00000000000294	2.93793033760815e-12	7	0	0	4	9882
SM01337	APC10	1.00000000000294	2.93793033760815e-12	7	0	0	4	9882
SM00201	SO	1.00000000000294	2.93793033760815e-12	7	0	0	4	9882
SM00384	AT_hook	1.00000000000294	2.93793033760815e-12	7	0	0	4	9882
SM00515	eIF5C	1.00000000000294	2.93793033760815e-12	7	0	0	4	9882
SM00182	CULLIN	1.00000000000294	2.93793033760815e-12	7	0	0	4	9882
SM00328	BPI1	1.00000000000294	2.93793033760815e-12	7	0	0	4	9882
SM00004	NL	1.00000000000294	2.93793033760815e-12	7	0	0	4	9882
SM00715	LA	1.00000000000294	2.93793033760815e-12	7	0	0	4	9882
SM00390	GoLoco	1.00000000000294	2.93793033760815e-12	7	0	0	4	9882
SM01055	Cadherin_pro	1.00000000000294	2.93793033760815e-12	7	0	0	4	9882
SM00301	DM	1.00000000000294	2.93793033760815e-12	7	0	0	4	9882
SM00065	GAF	1.00000000000294	2.93793033760815e-12	7	0	0	4	9882
SM01326	PTEN_C2	1.00000000000294	2.93793033760815e-12	7	0	0	4	9882
SM00455	RBD	1.00000000000294	2.93793033760815e-12	7	0	0	4	9882
SM01388	Mob1_phocein	1.00000000000294	2.93793033760815e-12	7	0	0	4	9882
SM00546	CUE	1.00000000000294	2.93793033760815e-12	7	0	0	4	9882
SM01109	CUT	1.00000000000294	2.93793033760815e-12	7	0	0	4	9882
SM00707	RPEL	1.00000000000294	2.93793033760815e-12	7	0	0	4	9882
SM00964	STAT_int	1.00000000000294	2.93793033760815e-12	7	0	0	4	9882
SM01243	IRF-3	1.00000000000294	2.93793033760815e-12	7	0	0	4	9882
SM00077	ITAM	1.00000000000294	2.93793033760815e-12	7	0	0	4	9882
SM01328	zf-3CxxC	1.00000000000294	2.93793033760815e-12	7	0	0	4	9882
SM00467	GS	1.00000000000294	2.93793033760815e-12	7	0	0	4	9882
SM00250	PLEC	1.00000000000294	2.93793033760815e-12	7	0	0	4	9882
SM00582	RPR	1.00000000000294	2.93793033760815e-12	7	0	0	4	9882
SM00104	ANATO	1.00000000000294	2.93793033760815e-12	7	0	0	4	9882
SM00822	PKS_KR	1.00000000000294	2.93793033760815e-12	7	0	0	4	9882
SM00980	THAP	1.00000000000294	2.93793033760815e-12	7	0	0	4	9882
SM00053	DYNc	1.00000000000294	2.93793033760815e-12	7	0	0	4	9882
SM00018	PD	1.00000000000294	2.93793033760815e-12	7	0	0	4	9882
SM00729	Elp3	1.00000000000294	2.93793033760815e-12	7	0	0	4	9882
SM00101	14_3_3	1.00000000000294	2.93793033760815e-12	7	0	0	4	9882
SM01132	DIL	1.00000000000457	4.57302303753049e-12	6	0	0	4	9882
SM00477	NUC	1.00000000000457	4.57302303753049e-12	6	0	0	4	9882
SM00394	RIIa	1.00000000000457	4.57302303753049e-12	6	0	0	4	9882
SM01400	Pribosyltran_N	1.00000000000457	4.57302303753049e-12	6	0	0	4	9882
SM01114	CXC	1.00000000000457	4.57302303753049e-12	6	0	0	4	9882
SM01184	efhand_Ca_insen	1.00000000000457	4.57302303753049e-12	6	0	0	4	9882
SM00022	PLAc	1.00000000000457	4.57302303753049e-12	6	0	0	4	9882
SM00517	PolyA	1.00000000000457	4.57302303753049e-12	6	0	0	4	9882
SM00710	PbH1	1.00000000000457	4.57302303753049e-12	6	0	0	4	9882
SM00921	MHC_II_beta	1.00000000000457	4.57302303753049e-12	6	0	0	4	9882
SM00552	ADEAMc	1.00000000000457	4.57302303753049e-12	6	0	0	4	9882
SM00648	SWAP	1.00000000000457	4.57302303753049e-12	6	0	0	4	9882
SM00155	PLDc	1.00000000000457	4.57302303753049e-12	6	0	0	4	9882
SM00670	PINc	1.00000000000457	4.57302303753049e-12	6	0	0	4	9882
SM01329	Iso_dh	1.00000000000457	4.57302303753049e-12	6	0	0	4	9882
SM00544	MA3	1.00000000000457	4.57302303753049e-12	6	0	0	4	9882
SM00968	SMC_hinge	1.00000000000457	4.57302303753049e-12	6	0	0	4	9882
SM00950	Piwi	1.00000000000457	4.57302303753049e-12	6	0	0	4	9882
SM00359	PUA	1.00000000000457	4.57302303753049e-12	6	0	0	4	9882
SM00757	CRA	1.00000000000457	4.57302303753049e-12	6	0	0	4	9882
SM00464	LON	1.00000000000457	4.57302303753049e-12	6	0	0	4	9882
SM00548	IRO	1.00000000000457	4.57302303753049e-12	6	0	0	4	9882
SM00144	PI3K_rbd	1.00000000000457	4.57302303753049e-12	6	0	0	4	9882
SM00949	PAZ	1.00000000000457	4.57302303753049e-12	6	0	0	4	9882
SM01137	DMAP_binding	1.00000000000457	4.57302303753049e-12	6	0	0	4	9882
SM00152	THY	1.00000000000457	4.57302303753049e-12	6	0	0	4	9882
SM00952	RAP	1.00000000000457	4.57302303753049e-12	6	0	0	4	9882
SM00111	C4	1.00000000000457	4.57302303753049e-12	6	0	0	4	9882
SM00742	Hr1	1.00000000000457	4.57302303753049e-12	6	0	0	4	9882
SM00432	MADS	1.00000000000457	4.57302303753049e-12	6	0	0	4	9882
SM00603	LCCL	1.00000000000457	4.57302303753049e-12	6	0	0	4	9882
SM00811	Alpha_kinase	1.00000000000457	4.57302303753049e-12	6	0	0	4	9882
SM00441	FF	1.00000000000457	4.57302303753049e-12	6	0	0	4	9882
SM00031	DED	1.00000000000457	4.57302303753049e-12	6	0	0	4	9882
SM00302	GED	1.00000000000457	4.57302303753049e-12	6	0	0	4	9882
SM00257	LysM	1.00000000000457	4.57302303753049e-12	6	0	0	4	9882
SM00440	ZnF_C2C2	1.00000000000457	4.57302303753049e-12	6	0	0	4	9882
SM00730	PSN	1.00000000000457	4.57302303753049e-12	6	0	0	4	9882
SM00915	Jacalin	1.00000000000457	4.57302303753049e-12	6	0	0	4	9882
SM00415	HSF	1.00000000000457	4.57302303753049e-12	6	0	0	4	9882
SM00665	B561	1.00000000000457	4.57302303753049e-12	6	0	0	4	9882
SM00021	DAX	1.00000000000457	4.57302303753049e-12	6	0	0	4	9882
SM01241	Integrin_b_cyt	1.00000000000457	4.57302303753049e-12	6	0	0	4	9882
SM00775	LNS2	1.00000000000457	4.57302303753049e-12	6	0	0	4	9882
SM01343	FATC	1.00000000000457	4.57302303753049e-12	6	0	0	4	9882
SM00259	ZnF_A20	1.00000000000457	4.57302303753049e-12	6	0	0	4	9882
SM00695	DUSP	1.00000000000457	4.57302303753049e-12	6	0	0	4	9882
SM00592	BRK	1.00000000000457	4.57302303753049e-12	6	0	0	4	9882
SM01127	DDHD	1.00000000000457	4.57302303753049e-12	6	0	0	4	9882
SM00863	tRNA_SAD	1.00000000000457	4.57302303753049e-12	6	0	0	4	9882
SM00907	GDNF	1.00000000000457	4.57302303753049e-12	6	0	0	4	9882
SM00070	GLUCA	1.00000000000457	4.57302303753049e-12	6	0	0	4	9882
SM01198	FBA	1.00000000000457	4.57302303753049e-12	6	0	0	4	9882
SM00064	FYVE	1.00000000000509	5.08506291012692e-12	30	0	0	4	9882
SM00298	CHROMO	1.00000000000509	5.08506291012692e-12	30	0	0	4	9882
SM00228	PDZ	1.00000000000607	6.06944524468092e-12	148	0	0	4	9882
SM00175	RAB	1.00000000000607	6.06944524468092e-12	148	0	0	4	9882
SM00082	LRRCT	1.00000000000687	6.86811054884225e-12	75	0	0	4	9882
SM00179	EGF_CA	1.0000000000071	7.10295665904569e-12	122	0	0	4	9882
SM01373	MAGE	1.00000000000746	7.46479089650011e-12	32	0	0	4	9882
SM00385	CYCLIN	1.00000000000746	7.46479089650011e-12	32	0	0	4	9882
SM00014	acidPPc	1.00000000000916	9.16231410955471e-12	18	0	0	4	9882
SM01057	Carb_anhydrase	1.00000000000916	9.16231410955471e-12	18	0	0	4	9882
SM00593	RUN	1.00000000000916	9.16231410955471e-12	18	0	0	4	9882
SM00291	ZnF_ZZ	1.00000000000916	9.16231410955471e-12	18	0	0	4	9882
SM00918	Lig_chan-Glu_bd	1.00000000000916	9.16231410955471e-12	18	0	0	4	9882
SM00148	PLCXc	1.00000000000916	9.16231410955471e-12	18	0	0	4	9882
SM00308	LH2	1.00000000000916	9.16231410955471e-12	18	0	0	4	9882
SM00847	HA2	1.00000000000916	9.16231410955471e-12	18	0	0	4	9882
SM00079	PBPe	1.00000000000916	9.16231410955471e-12	18	0	0	4	9882
SM00037	CNX	1.00000000000916	9.16231410955471e-12	18	0	0	4	9882
SM00865	Tubulin_C	1.00000000000916	9.16231410955471e-12	18	0	0	4	9882
