chrom	start	end	Y1_perc	Y1_numC	Y1_numT	Y2_perc	Y2_numC	Y2_numT	Y3_perc	Y3_numC	Y3_numT	Y4_perc	Y4_numC	Y4_numT	E1_perc	E1_numC	E1_numT	E2_perc	E2_numC	E2_numT	E3_perc	E3_numC	E3_numT	E4_perc	E4_numC	E4_numT	W1_perc	W1_numC	W1_numT	W2_perc	W2_numC	W2_numT	W3_perc	W3_numC	W3_numT	W4_perc	W4_numC	W4_numT
chr1	176832773	176832773	50	1	1	100	4	0	75	6	2	100	6	0	0	0	1	100	1	0	0	0	1	25	1	3	0	0	2	25	1	3	0	0	2	50	1	1	chr1	176832132	176840133	NR_037996	0	-
chr1	176832780	176832780	0	0	1	50	2	2	33.3333333333333	3	6	80	4	1	0	0	1	100	1	0	100	1	0	0	0	4	50	1	1	0	0	4	0	0	2	0	0	2	chr1	176832132	176840133	NR_037996	0	-
chr1	176834185	176834185	100	1	0	100	5	0	100	2	0	100	3	0	100	3	0	100	1	0	66.6666666666667	2	1	100	5	0	100	1	0	100	2	0	100	2	0	100	1	0	chr1	176832132	176840133	NR_037996	0	-
chr1	176835241	176835241	100	2	0	100	2	0	100	4	0	100	4	0	100	2	0	50	1	1	66.6666666666667	4	2	83.3333333333333	5	1	100	7	0	100	4	0	100	3	0	100	1	0	chr1	176832132	176840133	NR_037996	0	-
chr1	176835303	176835303	100	1	0	100	1	0	100	4	0	100	3	0	100	4	0	100	2	0	87.5	7	1	100	3	0	100	2	0	100	2	0	100	2	0	100	2	0	chr1	176832132	176840133	NR_037996	0	-
chr1	176835304	176835304	50	2	2	100	1	0	100	4	0	100	4	0	100	5	0	100	4	0	90	9	1	100	4	0	100	6	0	100	2	0	100	3	0	100	1	0	chr1	176832132	176840133	NR_037996	0	-
chr1	176835538	176835538	50	1	1	100	2	0	25	1	3	50	1	1	0	0	1	0	0	3	0	0	3	50	1	1	50	3	3	0	0	3	28.5714285714286	2	5	100	1	0	chr1	176832132	176840133	NR_037996	0	-
chr1	176835569	176835569	100	2	0	100	2	0	50	1	1	66.6666666666667	2	1	0	0	1	33.3333333333333	1	2	25	1	3	0	0	2	80	4	1	33.3333333333333	1	2	50	3	3	100	1	0	chr1	176832132	176840133	NR_037996	0	-
chr1	176835575	176835575	50	1	1	50	1	1	50	1	1	33.3333333333333	1	2	0	0	1	0	0	3	0	0	4	50	1	1	80	4	1	33.3333333333333	1	2	20	1	4	100	1	0	chr1	176832132	176840133	NR_037996	0	-
chr1	176835707	176835707	0	0	1	0	0	3	0	0	2	20	1	4	0	0	2	0	0	1	0	0	4	100	1	0	16.6666666666667	1	5	0	0	3	0	0	3	0	0	2	chr1	176832132	176840133	NR_037996	0	-
chr1	176836829	176836829	0	0	1	66.6666666666667	2	1	16.6666666666667	1	5	0	0	5	0	0	2	25	1	3	100	1	0	42.8571428571429	3	4	42.8571428571429	3	4	25	1	3	14.2857142857143	1	6	50	1	1	chr1	176832132	176840133	NR_037996	0	-
chr1	176836834	176836834	0	0	1	66.6666666666667	2	1	0	0	6	0	0	5	0	0	2	25	1	3	0	0	1	16.6666666666667	1	5	28.5714285714286	2	5	0	0	4	0	0	7	0	0	2	chr1	176832132	176840133	NR_037996	0	-
chr1	176836897	176836897	0	0	1	0	0	2	14.2857142857143	1	6	0	0	5	0	0	2	25	1	3	25	1	3	0	0	5	50	2	2	66.6666666666667	2	1	14.2857142857143	1	6	33.3333333333333	1	2	chr1	176832132	176840133	NR_037996	0	-
chr1	176837065	176837065	100	2	0	100	6	0	100	3	0	100	7	0	100	2	0	80	4	1	100	2	0	66.6666666666667	2	1	100	1	0	100	5	0	100	2	0	100	2	0	chr1	176832132	176840133	NR_037996	0	-
chr1	176837209	176837209	100	2	0	100	2	0	100	4	0	83.3333333333333	5	1	100	1	0	100	4	0	100	5	0	100	2	0	100	4	0	100	7	0	100	4	0	100	2	0	chr1	176832132	176840133	NR_037996	0	-
chr1	176837274	176837274	100	1	0	100	2	0	100	7	0	100	7	0	100	5	0	100	2	0	100	4	0	66.6666666666667	2	1	100	4	0	100	3	0	100	5	0	100	1	0	chr1	176832132	176840133	NR_037996	0	-
chr1	176837826	176837826	100	1	0	80	4	1	100	3	0	100	6	0	100	4	0	100	2	0	100	8	0	100	6	0	100	2	0	100	3	0	100	4	0	100	4	0	chr1	176832132	176840133	NR_037996	0	-
chr1	176837884	176837884	100	1	0	100	5	0	100	2	0	100	6	0	100	4	0	100	3	0	100	6	0	100	6	0	100	5	0	100	3	0	80	4	1	100	5	0	chr1	176832132	176840133	NR_037996	0	-
chr1	176838154	176838154	100	3	0	100	1	0	85.7142857142857	6	1	100	4	0	100	2	0	100	5	0	100	7	0	100	3	0	50	1	1	100	3	0	100	5	0	100	1	0	chr1	176832132	176840133	NR_037996	0	-
chr1	176839289	176839289	100	3	0	100	2	0	100	7	0	100	2	0	100	2	0	50	1	1	100	3	0	100	2	0	100	8	0	100	1	0	100	2	0	100	1	0	chr1	176832132	176840133	NR_037996	0	-
chr1	176839733	176839733	100	2	0	100	3	0	83.3333333333333	5	1	66.6666666666667	2	1	100	2	0	75	3	1	100	3	0	100	2	0	100	2	0	100	1	0	100	6	0	100	1	0	chr1	176832132	176840133	NR_037996	0	-
chr1	176839748	176839748	100	2	0	100	2	0	80	4	1	80	4	1	100	3	0	75	3	1	50	1	1	100	3	0	100	2	0	0	0	1	83.3333333333333	5	1	100	2	0	chr1	176832132	176840133	NR_037996	0	-
chr1	176839875	176839875	100	1	0	100	4	0	100	6	0	100	3	0	100	4	0	100	2	0	100	3	0	100	6	0	100	5	0	100	2	0	100	6	0	50	1	1	chr1	176832132	176840133	NR_037996	0	-
chr10	45467593	45467593	100	1	0	100	4	0	80	4	1	60	3	2	80	4	1	100	2	0	100	5	0	100	4	0	100	4	0	100	2	0	100	2	0	50	1	1	chr10	45466200	45474201	NM_001031772	0	-
chr10	45467644	45467644	100	2	0	33.3333333333333	1	2	80	4	1	100	6	0	80	4	1	100	1	0	100	3	0	100	5	0	100	5	0	100	4	0	75	3	1	100	2	0	chr10	45466200	45474201	NM_001031772	0	-
chr10	45468022	45468022	50	1	1	66.6666666666667	2	1	44.4444444444444	4	5	60	3	2	33.3333333333333	1	2	0	0	1	16.6666666666667	2	10	20	1	4	0	0	1	0	0	2	0	0	1	100	4	0	chr10	45466200	45474201	NM_001031772	0	-
chr10	45468023	45468023	100	1	0	50	1	1	100	4	0	100	3	0	25	1	3	0	0	2	0	0	1	0	0	4	85.7142857142857	6	1	100	3	0	50	2	2	100	1	0	chr10	45466200	45474201	NM_001031772	0	-
chr10	45468556	45468556	100	1	0	25	1	3	100	3	0	40	2	3	0	0	2	66.6666666666667	2	1	50	4	4	66.6666666666667	2	1	50	2	2	16.6666666666667	1	5	40	2	3	100	2	0	chr10	45466200	45474201	NM_001031772	0	-
chr10	45468751	45468751	0	0	1	33.3333333333333	1	2	25	1	3	100	3	0	0	0	2	0	0	2	0	0	7	20	1	4	0	0	7	0	0	1	100	1	0	16.6666666666667	1	5	chr10	45466200	45474201	NM_001031772	0	-
chr10	45471693	45471693	100	1	0	83.3333333333333	5	1	100	1	0	80	4	1	100	2	0	0	0	1	60	6	4	40	2	3	100	4	0	25	1	3	50	1	1	80	4	1	chr10	45466200	45474201	NM_001031772	0	-
chr10	45472120	45472120	100	4	0	100	3	0	83.3333333333333	5	1	100	4	0	75	3	1	100	1	0	100	5	0	100	2	0	100	3	0	100	2	0	100	4	0	100	2	0	chr10	45466200	45474201	NM_001031772	0	-
chr10	45472121	45472121	100	3	0	100	2	0	100	2	0	100	7	0	100	1	0	100	1	0	66.6666666666667	6	3	66.6666666666667	4	2	100	7	0	100	2	0	100	2	0	100	2	0	chr10	45466200	45474201	NM_001031772	0	-
chr10	45472153	45472153	100	3	0	100	4	0	100	2	0	100	9	0	100	1	0	100	1	0	90	9	1	100	5	0	100	8	0	100	3	0	100	2	0	100	3	0	chr10	45466200	45474201	NM_001031772	0	-
chr10	45472215	45472215	100	3	0	100	3	0	100	2	0	100	7	0	100	2	0	100	3	0	100	8	0	83.3333333333333	5	1	100	8	0	100	2	0	100	2	0	100	5	0	chr10	45466200	45474201	NM_001031772	0	-
chr10	45472334	45472334	100	2	0	100	1	0	100	4	0	100	5	0	100	3	0	100	2	0	71.4285714285714	5	2	50	2	2	75	3	1	100	3	0	100	1	0	100	4	0	chr10	45466200	45474201	NM_001031772	0	-
chr10	45472387	45472387	100	2	0	100	1	0	100	5	0	100	5	0	100	1	0	100	2	0	100	6	0	100	4	0	100	2	0	66.6666666666667	2	1	100	1	0	100	2	0	chr10	45466200	45474201	NM_001031772	0	-
chr10	45473064	45473064	0	0	4	100	3	0	0	0	5	50	2	2	0	0	1	33.3333333333333	1	2	28.5714285714286	2	5	33.3333333333333	2	4	100	3	0	100	2	0	0	0	4	0	0	4	chr10	45466200	45474201	NM_001031772	0	-
chr10	45473065	45473065	0	0	1	33.3333333333333	1	2	14.2857142857143	1	6	50	4	4	0	0	3	50	2	2	0	0	1	0	0	7	0	0	3	16.6666666666667	1	5	0	0	2	0	0	2	chr10	45466200	45474201	NM_001031772	0	-
chr10	45473140	45473140	50	1	1	66.6666666666667	2	1	50	2	2	50	2	2	50	2	2	33.3333333333333	1	2	30	3	7	20	1	4	20	1	4	50	1	1	50	1	1	0	0	4	chr10	45466200	45474201	NM_001031772	0	-
chr10	45473141	45473141	0	0	2	50	1	1	25	2	6	25	1	3	100	2	0	0	0	1	33.3333333333333	1	2	33.3333333333333	2	4	22.2222222222222	2	7	0	0	3	50	1	1	0	0	2	chr10	45466200	45474201	NM_001031772	0	-
chr10	45473441	45473441	0	0	1	75	3	1	50	3	3	40	2	3	0	0	1	100	1	0	0	0	3	100	1	0	40	2	3	50	1	1	50	1	1	50	1	1	chr10	45466200	45474201	NM_001031772	0	-
chr10	120473498	120473498	50	1	1	33.3333333333333	1	2	25	1	3	0	0	4	0	0	2	0	0	2	0	0	3	25	1	3	16.6666666666667	1	5	0	0	3	0	0	6	0	0	2	chr10	120472468	120480469	NM_010441	0	-
chr10	120473498	120473498	50	1	1	33.3333333333333	1	2	25	1	3	0	0	4	0	0	2	0	0	2	0	0	3	25	1	3	16.6666666666667	1	5	0	0	3	0	0	6	0	0	2	chr10	120472468	120480469	NM_001347170	0	-
chr10	120473585	120473585	50	1	1	75	3	1	75	3	1	33.3333333333333	1	2	0	0	2	50	1	1	0	0	3	0	0	1	0	0	6	0	0	3	33.3333333333333	1	2	33.3333333333333	1	2	chr10	120472468	120480469	NM_010441	0	-
chr10	120473585	120473585	50	1	1	75	3	1	75	3	1	33.3333333333333	1	2	0	0	2	50	1	1	0	0	3	0	0	1	0	0	6	0	0	3	33.3333333333333	1	2	33.3333333333333	1	2	chr10	120472468	120480469	NM_001347170	0	-
chr10	120478939	120478939	0	0	2	25	1	3	42.8571428571429	3	4	50	2	2	100	1	0	0	0	1	33.3333333333333	2	4	16.6666666666667	1	5	0	0	2	0	0	3	0	0	3	33.3333333333333	1	2	chr10	120472468	120480469	NM_010441	0	-
chr10	120478939	120478939	0	0	2	25	1	3	42.8571428571429	3	4	50	2	2	100	1	0	0	0	1	33.3333333333333	2	4	16.6666666666667	1	5	0	0	2	0	0	3	0	0	3	33.3333333333333	1	2	chr10	120472468	120480469	NM_001347170	0	-
chr10	120478944	120478944	0	0	2	75	3	1	66.6666666666667	4	2	50	2	2	0	0	1	0	0	1	50	3	3	100	6	0	50	1	1	0	0	3	0	0	3	66.6666666666667	2	1	chr10	120472468	120480469	NM_010441	0	-
chr10	120478944	120478944	0	0	2	75	3	1	66.6666666666667	4	2	50	2	2	0	0	1	0	0	1	50	3	3	100	6	0	50	1	1	0	0	3	0	0	3	66.6666666666667	2	1	chr10	120472468	120480469	NM_001347170	0	-
chr10	120479678	120479678	100	2	0	100	5	0	100	5	0	50	1	1	100	3	0	100	1	0	100	7	0	100	2	0	100	4	0	100	1	0	100	1	0	100	2	0	chr10	120472468	120480469	NM_010441	0	-
chr10	120479678	120479678	100	2	0	100	5	0	100	5	0	50	1	1	100	3	0	100	1	0	100	7	0	100	2	0	100	4	0	100	1	0	100	1	0	100	2	0	chr10	120472468	120480469	NM_001347170	0	-
chr10	120479719	120479719	100	1	0	100	1	0	100	8	0	100	3	0	100	2	0	100	1	0	100	5	0	85.7142857142857	6	1	83.3333333333333	5	1	100	4	0	100	3	0	100	7	0	chr10	120472468	120480469	NM_010441	0	-
chr10	120479719	120479719	100	1	0	100	1	0	100	8	0	100	3	0	100	2	0	100	1	0	100	5	0	85.7142857142857	6	1	83.3333333333333	5	1	100	4	0	100	3	0	100	7	0	chr10	120472468	120480469	NM_001347170	0	-
chr10	120480020	120480020	100	1	0	66.6666666666667	2	1	83.3333333333333	5	1	100	3	0	100	3	0	100	1	0	100	8	0	100	5	0	75	3	1	100	1	0	100	1	0	100	4	0	chr10	120472468	120480469	NM_010441	0	-
chr10	120480020	120480020	100	1	0	66.6666666666667	2	1	83.3333333333333	5	1	100	3	0	100	3	0	100	1	0	100	8	0	100	5	0	75	3	1	100	1	0	100	1	0	100	4	0	chr10	120472468	120480469	NM_001347170	0	-
chr10	120480048	120480048	100	1	0	100	6	0	85.7142857142857	6	1	100	3	0	100	2	0	100	1	0	100	8	0	100	5	0	80	4	1	100	1	0	100	2	0	100	5	0	chr10	120472468	120480469	NM_010441	0	-
chr10	120480048	120480048	100	1	0	100	6	0	85.7142857142857	6	1	100	3	0	100	2	0	100	1	0	100	8	0	100	5	0	80	4	1	100	1	0	100	2	0	100	5	0	chr10	120472468	120480469	NM_001347170	0	-
chr10	120480249	120480249	100	1	0	100	2	0	100	3	0	87.5	7	1	100	1	0	100	1	0	100	5	0	100	3	0	100	3	0	100	3	0	100	1	0	100	4	0	chr10	120472468	120480469	NM_010441	0	-
chr10	120480249	120480249	100	1	0	100	2	0	100	3	0	87.5	7	1	100	1	0	100	1	0	100	5	0	100	3	0	100	3	0	100	3	0	100	1	0	100	4	0	chr10	120472468	120480469	NM_001347170	0	-
chr16	17229688	17229688	100	1	0	100	1	0	66.6666666666667	2	1	100	2	0	100	6	0	100	1	0	100	6	0	100	8	0	100	5	0	100	3	0	100	2	0	100	1	0	chr16	17229586	17237587	NM_178922	0	+
chr16	17229884	17229884	100	1	0	100	2	0	50	2	2	100	5	0	100	2	0	100	4	0	50	1	1	100	5	0	50	2	2	50	1	1	0	0	1	100	3	0	chr16	17229586	17237587	NM_178922	0	+
chr16	17230053	17230053	50	1	1	100	1	0	100	5	0	100	3	0	100	2	0	100	2	0	100	4	0	100	4	0	50	1	1	100	4	0	100	4	0	100	1	0	chr16	17229586	17237587	NM_178922	0	+
chr16	17230557	17230557	100	2	0	100	3	0	100	8	0	100	7	0	100	5	0	100	2	0	100	10	0	50	1	1	100	6	0	100	4	0	100	2	0	100	2	0	chr16	17229586	17237587	NM_178922	0	+
chr16	17231034	17231034	100	1	0	100	6	0	100	4	0	100	4	0	80	4	1	100	1	0	66.6666666666667	4	2	100	11	0	75	3	1	100	4	0	85.7142857142857	6	1	50	1	1	chr16	17229586	17237587	NM_178922	0	+
chr16	17231082	17231082	100	1	0	100	4	0	100	5	0	100	5	0	100	5	0	100	1	0	66.6666666666667	2	1	100	10	0	100	3	0	100	1	0	80	4	1	100	2	0	chr16	17229586	17237587	NM_178922	0	+
chr16	17231102	17231102	100	2	0	100	5	0	100	5	0	83.3333333333333	5	1	100	3	0	100	1	0	66.6666666666667	2	1	100	9	0	100	3	0	100	1	0	100	3	0	100	1	0	chr16	17229586	17237587	NM_178922	0	+
chr16	17231106	17231106	100	2	0	100	6	0	100	4	0	80	4	1	100	4	0	100	1	0	66.6666666666667	2	1	100	9	0	100	2	0	100	1	0	100	3	0	100	1	0	chr16	17229586	17237587	NM_178922	0	+
chr16	17232418	17232418	100	2	0	100	2	0	100	5	0	100	6	0	100	2	0	100	1	0	66.6666666666667	2	1	100	5	0	100	5	0	100	3	0	100	6	0	100	1	0	chr16	17229586	17237587	NM_178922	0	+
chr16	17232419	17232419	100	1	0	100	2	0	100	11	0	100	7	0	100	4	0	100	2	0	100	4	0	100	2	0	100	6	0	75	3	1	100	1	0	100	5	0	chr16	17229586	17237587	NM_178922	0	+
chr16	17234765	17234765	0	0	1	0	0	3	14.2857142857143	1	6	0	0	10	0	0	1	100	1	0	0	0	2	16.6666666666667	1	5	50	1	1	0	0	1	50	1	1	0	0	1	chr16	17229586	17237587	NM_178922	0	+
chr16	17234849	17234849	0	0	1	60	3	2	0	0	2	77.7777777777778	7	2	100	1	0	0	0	1	66.6666666666667	2	1	80	4	1	100	3	0	100	2	0	100	1	0	50	1	1	chr16	17229586	17237587	NM_178922	0	+
chr16	17234857	17234857	100	1	0	40	2	3	0	0	1	22.2222222222222	2	7	0	0	1	100	1	0	33.3333333333333	1	2	40	2	3	66.6666666666667	2	1	66.6666666666667	2	1	0	0	1	0	0	2	chr16	17229586	17237587	NM_178922	0	+
chr16	17235318	17235318	0	0	1	0	0	1	0	0	3	37.5	3	5	100	2	0	100	1	0	100	5	0	66.6666666666667	4	2	100	4	0	100	1	0	100	2	0	100	2	0	chr16	17229586	17237587	NM_178922	0	+
chr16	17236059	17236059	100	1	0	100	5	0	100	5	0	100	6	0	100	7	0	100	2	0	75	3	1	87.5	7	1	100	4	0	100	2	0	100	3	0	100	1	0	chr16	17229586	17237587	NM_178922	0	+
chr16	17236084	17236084	100	1	0	60	3	2	75	3	1	83.3333333333333	5	1	100	7	0	100	2	0	100	3	0	66.6666666666667	6	3	75	3	1	50	1	1	100	4	0	100	1	0	chr16	17229586	17237587	NM_178922	0	+
chr16	17236088	17236088	100	1	0	100	5	0	100	5	0	100	6	0	100	7	0	100	2	0	100	3	0	88.8888888888889	8	1	100	4	0	100	2	0	100	5	0	100	1	0	chr16	17229586	17237587	NM_178922	0	+
chr16	17236286	17236286	100	2	0	100	2	0	100	4	0	100	7	0	100	3	0	100	1	0	80	4	1	100	8	0	100	1	0	85.7142857142857	6	1	100	1	0	100	1	0	chr16	17229586	17237587	NM_178922	0	+
chr16	22159648	22159648	100	1	0	100	5	0	85.7142857142857	6	1	83.3333333333333	5	1	100	3	0	100	3	0	100	4	0	100	3	0	100	9	0	100	1	0	100	7	0	100	5	0	chr16	22159298	22167299	NM_183029	0	-
chr16	22160422	22160422	0	0	1	0	0	1	28.5714285714286	2	5	14.2857142857143	1	6	33.3333333333333	1	2	0	0	1	50	3	3	0	0	3	20	1	4	0	0	1	0	0	4	100	1	0	chr16	22159298	22167299	NM_183029	0	-
chr16	22160433	22160433	0	0	1	0	0	2	0	0	5	12.5	1	7	50	1	1	0	0	1	14.2857142857143	1	6	100	3	0	40	2	3	0	0	2	25	1	3	100	1	0	chr16	22159298	22167299	NM_183029	0	-
chr16	22160554	22160554	0	0	1	0	0	3	25	1	3	25	1	3	0	0	2	50	1	1	0	0	7	0	0	2	14.2857142857143	1	6	60	3	2	50	1	1	50	1	1	chr16	22159298	22167299	NM_183029	0	-
chr16	22160591	22160591	0	0	2	33.3333333333333	1	2	0	0	3	0	0	3	25	1	3	100	1	0	0	0	4	0	0	2	80	4	1	85.7142857142857	6	1	0	0	2	0	0	2	chr16	22159298	22167299	NM_183029	0	-
chr16	22160624	22160624	0	0	1	20	1	4	0	0	5	0	0	2	0	0	5	50	1	1	0	0	1	0	0	3	33.3333333333333	1	2	40	2	3	0	0	1	0	0	3	chr16	22159298	22167299	NM_183029	0	-
chr16	22160633	22160633	0	0	1	20	1	4	0	0	5	0	0	2	20	1	4	100	2	0	0	0	2	0	0	3	60	3	2	75	3	1	0	0	1	0	0	3	chr16	22159298	22167299	NM_183029	0	-
chr16	22160705	22160705	0	0	2	0	0	2	0	0	6	33.3333333333333	1	2	0	0	3	50	1	1	0	0	7	0	0	7	0	0	4	20	1	4	0	0	1	0	0	5	chr16	22159298	22167299	NM_183029	0	-
chr16	22165159	22165159	100	1	0	100	3	0	100	3	0	100	4	0	100	2	0	100	3	0	100	4	0	90.9090909090909	10	1	100	2	0	100	1	0	100	3	0	100	3	0	chr16	22159298	22167299	NM_183029	0	-
chr16	22165678	22165678	100	1	0	60	3	2	100	2	0	83.3333333333333	5	1	100	2	0	100	2	0	100	4	0	100	4	0	80	4	1	100	5	0	50	1	1	100	2	0	chr16	22159298	22167299	NM_183029	0	-
chr16	22166135	22166135	100	1	0	100	1	0	50	1	1	100	1	0	100	3	0	100	3	0	66.6666666666667	2	1	100	1	0	100	2	0	100	2	0	100	1	0	100	1	0	chr16	22159298	22167299	NM_183029	0	-
chr16	22166691	22166691	100	2	0	100	5	0	100	3	0	100	1	0	80	4	1	100	1	0	100	9	0	100	4	0	100	7	0	100	5	0	100	1	0	100	1	0	chr16	22159298	22167299	NM_183029	0	-
chr16	22166742	22166742	100	2	0	83.3333333333333	5	1	100	7	0	50	1	1	100	2	0	100	1	0	100	8	0	100	7	0	100	4	0	100	4	0	100	1	0	100	1	0	chr16	22159298	22167299	NM_183029	0	-
chr16	22167081	22167081	100	1	0	100	3	0	100	2	0	100	6	0	66.6666666666667	2	1	100	3	0	100	6	0	100	4	0	100	3	0	100	4	0	100	1	0	100	2	0	chr16	22159298	22167299	NM_183029	0	-
chr16	22167136	22167136	100	1	0	100	2	0	50	1	1	100	4	0	100	2	0	0	0	1	100	4	0	100	3	0	100	2	0	100	3	0	50	1	1	100	4	0	chr16	22159298	22167299	NM_183029	0	-
chr6	49211226	49211226	100	1	0	100	1	0	100	3	0	100	7	0	40	2	3	100	1	0	100	3	0	75	3	1	66.6666666666667	2	1	100	2	0	100	3	0	100	2	0	chr6	49210953	49218954	NM_023670	0	-
chr6	49211299	49211299	100	1	0	100	1	0	66.6666666666667	2	1	60	3	2	20	1	4	0	0	2	50	2	2	25	1	3	100	3	0	100	2	0	50	1	1	75	3	1	chr6	49210953	49218954	NM_023670	0	-
chr6	49211697	49211697	100	5	0	50	1	1	50	1	1	87.5	7	1	100	1	0	25	1	3	83.3333333333333	5	1	71.4285714285714	5	2	50	1	1	66.6666666666667	2	1	87.5	7	1	100	3	0	chr6	49210953	49218954	NM_023670	0	-
chr6	49212658	49212658	100	1	0	100	4	0	100	2	0	85.7142857142857	6	1	0	0	1	100	1	0	0	0	2	50	2	2	66.6666666666667	2	1	100	1	0	100	3	0	100	1	0	chr6	49210953	49218954	NM_023670	0	-
chr6	49212880	49212880	100	1	0	100	1	0	80	4	1	100	6	0	100	1	0	0	0	1	40	2	3	60	3	2	100	7	0	100	3	0	75	3	1	66.6666666666667	2	1	chr6	49210953	49218954	NM_023670	0	-
chr6	49212889	49212889	0	0	1	100	1	0	25	1	3	28.5714285714286	2	5	0	0	1	0	0	1	20	1	4	16.6666666666667	1	5	33.3333333333333	2	4	50	1	1	66.6666666666667	2	1	50	1	1	chr6	49210953	49218954	NM_023670	0	-
chr6	49212892	49212892	100	1	0	100	1	0	100	4	0	100	7	0	100	1	0	0	0	1	20	1	4	50	3	3	100	7	0	66.6666666666667	2	1	100	4	0	100	2	0	chr6	49210953	49218954	NM_023670	0	-
chr6	49212937	49212937	100	1	0	0	0	1	100	4	0	50	3	3	50	1	1	0	0	2	40	2	3	83.3333333333333	5	1	71.4285714285714	5	2	100	4	0	75	3	1	100	3	0	chr6	49210953	49218954	NM_023670	0	-
chr6	49213076	49213076	100	1	0	100	2	0	25	1	3	66.6666666666667	2	1	0	0	1	0	0	1	75	3	1	0	0	1	100	2	0	66.6666666666667	2	1	66.6666666666667	2	1	50	1	1	chr6	49210953	49218954	NM_023670	0	-
chr6	49213096	49213096	100	1	0	50	1	1	100	4	0	66.6666666666667	2	1	100	1	0	0	0	1	14.2857142857143	1	6	0	0	1	100	2	0	50	1	1	75	3	1	100	1	0	chr6	49210953	49218954	NM_023670	0	-
chr6	49213115	49213115	0	0	1	100	1	0	100	3	0	100	3	0	0	0	1	100	1	0	42.8571428571429	3	4	0	0	1	100	2	0	100	3	0	75	3	1	100	1	0	chr6	49210953	49218954	NM_023670	0	-
chr6	49213117	49213117	100	1	0	100	1	0	66.6666666666667	2	1	100	3	0	0	0	1	0	0	1	57.1428571428571	4	3	100	1	0	100	2	0	100	3	0	75	3	1	100	1	0	chr6	49210953	49218954	NM_023670	0	-
chr6	49213119	49213119	100	1	0	100	1	0	33.3333333333333	1	2	66.6666666666667	2	1	100	1	0	0	0	1	57.1428571428571	4	3	100	1	0	100	2	0	100	3	0	100	4	0	100	1	0	chr6	49210953	49218954	NM_023670	0	-
chr6	49216636	49216636	100	2	0	100	2	0	100	7	0	100	9	0	100	3	0	100	3	0	87.5	7	1	100	3	0	100	6	0	100	2	0	100	4	0	100	2	0	chr6	49210953	49218954	NM_023670	0	-
chr6	49216731	49216731	100	1	0	75	3	1	57.1428571428571	4	3	66.6666666666667	2	1	40	2	3	0	0	1	40	2	3	33.3333333333333	1	2	75	3	1	100	2	0	66.6666666666667	2	1	100	2	0	chr6	49210953	49218954	NM_023670	0	-
chr6	49217260	49217260	100	1	0	25	1	3	33.3333333333333	1	2	37.5	3	5	0	0	2	0	0	3	14.2857142857143	1	6	0	0	5	37.5	3	5	0	0	3	0	0	1	100	1	0	chr6	49210953	49218954	NM_023670	0	-
chr6	49217264	49217264	0	0	1	66.6666666666667	2	1	66.6666666666667	2	1	50	4	4	50	1	1	33.3333333333333	1	2	0	0	8	0	0	5	50	4	4	33.3333333333333	1	2	0	0	2	100	1	0	chr6	49210953	49218954	NM_023670	0	-
